$ANSIBLE_VAULT;1.1;AES256
39383830326238336266383462323034653665353436356538306532336235643030663465363139
3636633736633937666234656435363934343932303065300a646231646635616435386264383466
61613331666535663566336161323834356464303661366532333335646366313537306466616438
3264373165306464340a366332336139363732363163326135316265646363383836373339313637
32346136376537633362373034313961373263383434636639303937376634383666626132346637
39623534366231363332316134393362633936333833363561346531343539313330393438353064
39636163343233333037326635666439636630303632653463613863613831353461646264333461
33393331643338633230616134353236393735623335303035323734376637316538646236373733
38393966656131303232383937346533393736356633663431633435376261646635626539393635
39373462376262363132616234396536646637386330363661393530383732656361316565323834
63373264626337323565343034623432343230663265633635613935363764653163326635363138
64653133326466383561663930333039303832616137393638343866663465663934373963616336
39613431316134363933373635656536336338313136613930386333656436393961626463353035
62353239373639623236306639326261613930316634616361336331643139623138393835636439
37313132303530646338316530363263373963396665646133333738623036633530393961666161
38313466373361383233653931653533303965656562616637353165353134613739326366323631
32393538343034353937616263653237653838666432666262326433646437386363313430316535
62386161666335313732313234326132626534333735623538343934333863643538623138373263
65363234326232323239313939383036303733306439663135343033666165623730396439626462
61633432333838376665353962303736313830356264366430343738343766393766633931366430
34363038363733643730303662353437343839346563666262666234663439363333386530643039
38303562633666643161336638633264336535373831376135656364383532326633343630333034
66646262346633346432653665376530626538303762366532633230373037646565386237306638
38366165313531396635653030316632383534356433363931323162623630396130633736306362
36313264636165313062623665366136643561623330316439363136323432633465326331343365
35373561636161386431636235643030646133356530393133376430656637383039636131626365
62353030633239323162623534386531633964636562343733303166643436393934643138343164
33393035383739653663316661623738633763663933383563326666653664346537656535383966
34653331373539326531353065663835613737366331393538366237643061663238336633393065
33643431323737343163623937356665343133653433613164646539323462636438393231396538
30373730376631663561356432626139396430633330363561353762616131363863333830373366
36663537366436306232386437663938363734316462656465626336316466336464393266396630
36313338366232393663323937616633646130363361353061363439386234623639623330383334
64393139383439633732303062613631303938323338353133663338613263323436363935383036
65656339333732373731643437656537356438376333393365323965616364633832313033633030
31316666623063373565623362343265323061326331613934336135326335393335376431326534
62373838666431643964616165366237353231666638633564653430663733373862643537333361
35633261356535323933363931373031393765306465373661346630623866646465366166383235
38613361626536643639343965366665653964626535626437373162346263393631616636613533
36616563646161353261353637363236356632383062373033666133343837353566653039633865
62653136333830643833396564343966656661323666333965653630383138373330353736323731
36336365386666383734633965653861656263653330343438343639323465666436356330386464
38616365643134393930613632356532303661653366656431633730666565313731363335333935
35636263363832626239333063353337303631386364396265383562636466663135623438303632
39346564393939323439303333373337366632383163643834653437666464316339633735306462
62343537366337616163333536656661306162303866356665333062366161316165306137666533
37656336616437313230376466616635656263393964316561633039663363646665643765616463
33323036396330636466333731383433343530613233613464393866393361326334323161376138
35313737343866646262306338353636623161323839613936346633633462613132356139363534
36393332303539653434626332336232656539623766633666636534646538343735666630656230
34396139386435383137646265636330356237326366333638323939376632383037613630326363
65356461353038336661303630306235346266616266646333653834313036303836376665363233
31346333373736306633653431373933306361663864613333383262653935363135323537643433
38613034323666373437616630346235653131343434376536303430643834663139323639663932
32626666626263623666386637316531306132366239346438623037643834393839366630366531
36396137323766663235336562633565303737313065383239373331356435346132393933633839
32343336613335366636393735323933643962323638633738303434643962636265383661353736
65333962303162333065633638646563646539353538333331386333363839663031356138306666
63643031323865613162663831373465316438333132656130326238393562313566333035636332
61316261316634333730333964633265646530346264646533343531646665633662306563366332
37383562643162343339363563353037643531373664313534623839633435613930306564336662
31383136303664366638393538336562313634333938653862663237306531666332633662663561
34383439363666666331653434316331376639653264643465626361353463623839346530383231
61646536353264656566336631353166633932333566636434666563636637656336396637376665
36373132306131656261326362666331616632353434306363323864346636396239623435366438
66396262323765396563313362306566383463643461636463646466333331316132383836303961
64333463613836373636336538346136616465663038623230626661326132653430633361313833
34353864656464663266643461636537373062363862373530343533313730376433313037343535
37623834383937653162623939663964653933323536663439663166666663383933616461613064
38343762623661333736373937366434376339393062346164653137363430313530363533313866
64356430653966326261623538633535313034656531396662396530393034666333323638633234
30373234353736396264643033623965306265366563306565353334396131303333383336656130
39346337303837623331333261393138626438623238656436333662323935653236306362333532
35643034333731636463613566623939333232363165353434336332356635323635376266373331
61313036633565373633343638373530613634313335666166363833653639346338633932366261
32343064656138303638616563396466353265353137323062353839356334666665623932316661
35313665666363623334336334386264643263633732626264613932653031666530353262306264
34373562626435323335646231613934333164323432396134363937646137386539313834626138
39303931353163663435336236356635336132613962373536646536326666623836366364323035
31346637623030316133623064393934363337646262376136353037323438663964653035636336
31626665656661313466353332316565313539366264623361376662323766323335333832373935
39633462636233306465303637613739366261336433623362336666313034336331633664646434
61336138363136366363373531313030343335383538643065623834663430396236383763386164
33363464613433346538356562313064393062383739346638366135363634613963353361366366
31346432306434323931613563646237316134303864393333393434353638663936373735653564
64356363313639666431666638643831326635343762356234613435333166313333636132346663
66643336373438356333333835626239323064353332313030663638616336663366303363613564
33663138333136373664366637623437323333666633663031313832373038363937363936323030
37656334303938353630306435663235656335346332613537343763333135353131376161636465
33626134363663383361393535636135626234666531363831663065316665396436303130626339
36623730656430376464303031383166313564363366626430373334643232343766646464623630
35376365396464326164303930646639333537346137633166313634386161663236663230633337
32343936646630656162623136353031383862326234636536626134656439383431383462333066
66306433326637343131386666373061616464306366393162393236386333303835383866373063
65333334336532633932353637306564306334373565643738353737303735316461333036613435
65636531636530373031656233613431656562323661616531633366393931663330613332613565
65663065656236346237346439383335376539663063336165343362353335633861303637653663
34613465666633633335373566613466323239383932613938363938643162396263623666633536
62346466333339343462316262353432323032373663373238383261386639306662306231613433
32393562613965633338393332626662393061663837646564303036613736373832643633643033
34383839343337653865366139313261653264626232646531386430663233313339646362643539
36353663366661393731323865313766613532356631653637663531303963363963373632623339
38383532613731373362356237626536396362306336383134623835383036616634383261626135
63663062653838626439326664336433396163323664656563333533616635653464363365363039
39373632633837653630666539376238386664356566333331353266303765633235326133643133
36656639323862346535386337643236316362656434633035616663636631306635633037353336
39323064663438623337343465626537376664383934643538363837663732376536373166376461
63316566333936316434623064633230323935623533343162653036393331323536303663313366
32626337353637626234613633313839333761326635343566343063656230396533306466336235
36393461653636343866343865356564353136646536386537643839613464653063633839326565
32343062303738306436633466346330373530323736656336376461653663373231303833383337
31363239363862373263326665313939323764326537636533303563653536666238313239353933
36643964363065346336626630373139663931623562343437383532393363313733303363343362
39646436383665333732343161663062626262636362303266616435633234383931373361326264
61626530346665383332643832633431633733336535363336333063306461336433363533353966
37396565636661393665663132356232383463313337333237623836373966353330323132313266
63326432336630323237363134313237303939386164306462376462326363626464313462393639
39643833383334623035643166383232323365656465323965383539643138656364336236303635
35306634653838373464393835363565646464636565396162386532643235386436363332306666
32646239333130623237346666376635663335663364626632616465316537333861386261396463
37366533633163363664626133366234303236623362303336643630353261393239613032326163
62613831633335666433626337346266616562336463616134373035643766373935366636623833
65306364663665366430666538303434653230363232396139663435653435373135636437613937
37343362323064656365373731333835393930613961663332663639323363343335306362646335
63623838343333373933353265626334376336303234656238653564303365323665303732643335
66363133336235643837303530393532663838336362656265353938343661613735386538666435
36663738393730313535613034343133396133313331363032313431613739323134323136613063
64323330343535343939653261666339373739646330636433383363613265633834613331613237
64666562613365633536613131316438306632346166653931383162613165636161396532363939
30316663313932616462653535383232613966333233363333313763633635366261363663633861
33373633303632613335663236613065653062366535656363353632376337623862366162663435
65323532323834623065353430653331626564333237316338623964363562633939333264653961
39636531643063393265393664306137663066353432303965623232393139346334626432343131
32306139643839346530626339343136626461356361346431666561663436383066656530353038
63646538653936373534313531306633616639393963383666366436643563326561343839353462
34373239333731663361626333313165303262656465626636313030643030663737343962666661
34623837363535303036396664353039393364306135633430333135386562663139373836383934
31626435663532646162393932613163316534323832316130636338613439343831646561346236
38373432653361616638366663316265393535396363633530613465633764623563346264303762
61643665376666376430646665356266626435663034653539633061363033653932343661363666
62363161663836306162633536646137623862366533616563616232323761623739313663323238
30646236396432393665666334623336366262366661343130633137656532376636306632613039
30306566623731306239373332633232633662626364363735616666326263643565616232666139
61396162363565636462303433353262343439313830393431383863336564613231303831316464
33393866613636626632643639623063613663313564306133396561616265333662633835663366
34303432363839323761323035376663353631613963326531383434613865373263336635306261
65336663613166643231646537656137356231613338343462613238636237383035653430323237
61643763663033346666373062643032366137613962613539666234346637373134633363353636
65373839356461636562653430616533666138396136326335343765616530646535633238303566
37363634303465336463323961646562316435653161396536623233356430366561333834356366
61646165336335653663393566626266336133663562663235616132323330623761323430356439
65623266363937303761666135326131326237373561393735623737343432383334336638643035
62613233316136663231663132303031623364666137346465376664323030313338646463396139
65343764636366613033386231313762343635376436333135613637303435616536656264383339
64303961366138323566336331393036333239343363306337336539313264663635366138383237
32376663303065616435333439316264303130366466323966656266353639343535616134663435
34346461386234333531623262633230356639653036343633353833303535313833333138333431
31393464336630636662636233663731633837326465393538356535346339643666393138383362
61626432373966656635613936663236313132343433363139656131383034326364666366383732
39346439316165663034306562376466396435393464333039323737633230663864663866643032
33346431336531333835343437313533326634643066363434313538346332646531666362636132
33626335353130643434663066313162633936303163666134326633353663343761666532383739
61376661396561393333373262346531306263623632303833373239346534656133636537346333
62666238343239326632363130643864663366613364373435366261656639656163303039303163
34366334393930383334376136353435323937376565346566643930316239366537666634343433
38343030336563663164376432646337663062316663326462373036313437663134303961336666
39373563653635353331633838343164643564363362383435306666623465633463353034383864
33373331303031373035393737663562363533386436373837383834646466353039623761313964
33316463316565333130393139366238633731323035363036383432663737643436386235613261
61383566663131376438663465663738376331623265626138393032643763313461623536336266
63643532353736356163663138313763633435396639336432623133623165373331666439343132
61343332613930313837626631343435656631656563316362633134373538336362306337353165
66656536336463643731393032623163643337646463633833633165346666316566643565313463
66663164663437663836626262613630323830643337623230636532303934333963663563633132
32623530656635316561353765343334633163303162626533653261616130623633376663313862
37623834343433373833666136323936363363623136656261666234353939336263653131613763
37633633656131646430376666333131643761636564386235643034366232333066313330343030
39353763656531353866313130303737336438303364306664373531303163373562623036643034
36353832303137313430336161656631336437623230383261303362663832663166346439663164
33623762326462646261363566643662393161303161643632306237323962643338643930656330
65323638616630643239616463343561376464353463626263326131633634653039323939383537
65663030383363376339313437313965386163663539343838303339383536323063663431636233
39333233356334633133376239373263303063663163346566613766316139363438633137663464
36376365303035613431623131636334356433353938616465313737323934363334326634633435
66376536363439323833376263653936373161356632353666316534626430323731383937336331
32383661636430633363333330376430336235663664363332363866633636323539643737653664
66633830663837306266316162666662373935366132313165343364643030663133303564336664
36373735653338333632346363623134376561646661656430333166336263623038333766363233
33663463633833613530363539356539303865643631343733316236663033376365303530386464
32323762313339366433333331626136313866616237373535313933343061383133376566626264
61366437646165346163386165616438353436303937363965306561373833623465386334333139
33316637393431303766356236656433396634303761633436336464653037356335333161623861
62613965333766383765386231323934393630306234396232333331633433663663303364373234
38643963383538346564393836346538393162643263643531633163333166316437623839656637
37393231353961663763383237656637666532393333373261386461633638346438663538656337
65646162623765313336663461393861383630326337393334343237623033343336323534633833
62343436356438303462326163376638346161623865393562336163643161396663646532663432
31323639373238366432313061316338393033633736383565623132323334316335306230346261
36616535373465333065376230323365386433333339383231396366323037393863373336656361
37613432356535626537636235386239643363353130663236643434386236636135373966636136
32636134626366353039346537336337333130663336366366343366623735643636346536373735
61663331643537333130313466333639656239346136323133333761636530623461353839656362
34386532373538623838373533313637623131393931336238363464343264353437356565326531
61636133303838323261393562393832333962633934313762653737323761393039363235326331
38346165666263653731663532633932306333303530633230653864323231363465363964633735
38356263623832616666316530613936346363393761643962653531623065343262353365343865
30323335336134383136333064323538313263613364343965386431316337323464646132363837
32383932356230663762326439626464363563663036383966323965636139653331303337333663
64663033333666613132643362633934353630373633376564393661343739646462323334363736
30383832663764663464636134363135383434326432663536363230633938313463333233363262
37646162316538663762333130393163386166326430333334633930343737613233383763356530
39623962376164626661306333663830613036373638613935313236656631613563346661636238
66376530393333613562383264396231336135326262656535656362303965343964396533376439
37363863653163383230346363623633363232313339366163343763343830333336623937356531
30313535373835363931383732356162623734393833653731613536366236396564643064653934
62343634383062303664376537333865653037656435353830643330663831646139666661313036
39623738666536396532653835653838323732386165323565643461653766633865333664333661
61656635653336366265363065643662656530343238396131653366383734303031396563316233
36613831316537313133363664333865373633636537333734643166346135383435633130636234
63383633383265663937636539303666373364613664383164643734376135656139373630656362
36373536363037343335633833663130316333613537336235636664343535656334646231633337
38366434623030386565623138653466306132313365636465656134373330353337396263363636
64363235363662386264656262366631323764356134313561336432333131343838656361616238
32356562346535643931323565363633616164366338653936386662346532663233356362626433
65336666666430666438613662643634663963326233306331326161353531666461323330316539
36653161623836316637653239333233376438303736623032353734353664346430636233316566
38643338666461643733303130623432313066373938376136373532643066326433666236633334
63343633626131613761396139356563346663336631643739363462663564306430613663646531
32393265326464383166633736356565656236373938623933323235643830326133623731323338
30373365303333326164323732633839373834396236313164626664636462653330343334643035
37326465396139333632653661636138333539623832326130653863646532333231353933313434
38343432616635633434393637343231396331303139356566303961386563306430363662356639
34383339646536653335633666393933633338313238373638343062396335396330636562323532
38366661333962323639666231386637636330363236366163336338303262346437656135383932
30356466666139656236323864333233376535323537376666373130363065313235386166303166
30353534653161366530336238633034363739346264613134393765346630396333646631313661
30633836643066313030656339306366333337363835623536343662616435313231323534623562
61383935396136643563386535636230356235396635646264376133323264393230343638336563
30353636366364623631333338323464373564373361623163653031303831623039633536316438
38363863613063336531363632666530353132333834623630356334306562363135376138363965
33396564396139366138643136613330346233626439616332656630316361383031383064306137
64383333383537353830363639383965616265373131633165643330376437663935383730613863
66643038356562656534386632643835653434646435663131643031313165366561633365343233
30353766316235303566653763663566333264386239393163396664366233333430326663653438
35386339646332373131306263633262383637323736316638663534366330666434303264303464
31663566373562396131373765656332623262306161656164323739653766356136646362666662
30623834306435363662343233356563666161303964333439343333653865643637333538663636
30373031646561363536393732623730633564643638633766333031613330373132393265313461
62386638636538313730333532373361346232366561383633626134373765313737343133393564
62323634656164383930396234306266376132356438393261326339663736386261313561393139
64323066343862303465663462396539303565326432303566636630636533393964376164313639
39326533633563663630303161653663643266333031616530383133336237396330633737353536
34383037346330383331386337653731333835346438323133383066626233636232633730316630
63623633643966346336303663393461313135616136613337303761356666353732653735333430
37366434343332383835373331373234373831633462343930633234316337386165336332656634
33666338663436323363346265643339656462656334616237323864663830313339313436386434
63346339663165346130313235383665613462643961363465393736656262616338626237633331
33376335643531396336353665636234343935363766656139356130363834343262326233663438
33316463653037333237323834353131333266623633313538336434366261366636313834363732
62346430343266613735366666666364373962643466383363356538663661373239653838613333
31393638383838383038623434666630326465316363386133393165346162636134353563383664
33636265353633386565303434646138363936633636626134316631353631343665663739336666
64363837353931366561383761323035303930303931626133646662653764663562336163626263
63353832636633353136626466353535346262303463623664383065346436323939653431666438
30356161366664666162373836356534616538376136343063303030633638613066386531646164
32613363366661393538623836383730663033653635353235383062386435326530353463653130
61346634623664373762346539666161373964326232323163376530383836386364316463383632
33623431316136386131626638646461383361326666643161346436386637613531303064306364
33396361316365313835333334316439643735616234303761613761383462626364373030303861
36356663333261313032656235666162313233653066376366393433353634343531636137383865
39313032346133383065636233373535323630653431613764353131363764646537636430303062
31646434636633383431623562363133353966333436323031653533356238653163393230343633
31333839656666303338363939643433653364336232383935393939323764663437626365653262
39336361306166656534666233316437656461373961353737343134313932353330383866373461
30306361386230306230633235316364363634333336373433636537663736306534613565336531
39323332323634363436613363343736646534393838653962623339306139623438366632393034
31356232643939343036353631633831343563313435323262343162653339363861316162323538
38316563313934313639653662353838323432323532386234653331616134323832323835353961
30393730663862656662303438333230613737383462396332323834633936363433666531333234
39613331653737623931356661643061336338646131326662663561663162366365633766613665
63376330326438633430373739633132323162326564353562306430346630386265366537376162
66383865633233633063366263653265383637373137653861333035336433306532636430366263
35373666373832323038376162666537366664383032666466306439346461366365643433346238
32383732393731663839363366613761623761616438316563346237326361343933316362653163
38653331363064643865346232393465393332363865633465313636396637636562633063313062
33646165373435393031306630616630613033646263363262323636313965343863663862323735
62666634346261376232373631383530346436343833396133666362313232343433656633633239
63363738643439643135323961666232393764393034653730333937333333333466343462393238
39366631653065363064323330393134383564616432313833313435356465613335616438623639
38376662623238336663393934363337393762393663303238393638303031643638386134313237
39333236613232626537323735646265623232336139326232633532346361306333313638353666
30663834326433313739653562633436326134393135633133626366646237316439623930643164
63666535363865386230376264646536353939653363363037306164366563633766643534613235
38623836623364353933356232336465316434656265346134613239326461306233643034613839
66366639626435643539656436633634386565333463386563373031346135656639343237633961
37363133613832613865333938656562616232623031313231313037373033343532383531636535
61363937643638386433653338623237386632663164626135613931336139363134386662666666
33316139623139666232346138393161346634353234383034636438343837336537336662356666
66656331363765386365353438633730383230623364363865366262346266353438356335393336
36316165626531333039633965336130646336356432313262666234323161613935343935343061
36383563613265636664333837653435353230343562356465393038643939356233666664303238
37343236303965313737353235313532373330386233373766636631323531386463336330316531
61303238366538383833366539613165303933383837316632323733303733336135613433666430
32656334373330323030363933303439396134623139633964653332386532333564306631333638
33666337396330656632323339323866623531376638313232326632623837346334303730306634
33346639306433366232333633363733646564306539643865613264303238356638366466316233
38623735393834663531613830396438383732323361356365643937333638376561656130643732
34393765376363343564343562346139623830326534636562653537363837636237653535373736
34633531663230373635666264663632643661326430666637623139373034623139646131636561
33626433353061633766313934643162326537656666653335323266343238343037666435303932
39393639316165656330353234346233663530633164663131336262343134613861353365613232
30626130383238343561633835616538333833313866663861613563656362336132653139623239
64366537326131393663376332333762373466663434326639303362616135363734363365323864
34363862366463623563333733303239613934656165376335343538373238353435323334636333
35656566343464386662646434643462646430633338323063306536616630316638396161363566
65343136306133313031613738373566363561343262383733306230383361336336363133316261
36343238353234616463366166353263326339333663333639326463643365356530396164313566
30336463373065626563363338313236656163386230613833336434613433653935383963366533
32336563623131386134626166303661643839323331623432666537376636383136386534326636
38636431653061633964346534353563353839643765303937633835313030386165616630623564
31353431666465363930306464653438356238656337366339613334386335636564376661643138
39646463333163393338383661396635393232643932363535333732326633316136666537313034
65646265646263666465653565306537626365326565353137663062373034353466346364393966
33316466616161323136346130643662653366373436373133373731336333326533306135356538
35306161363562343233326338356136353238343163343333316635316138343362386630306663
32643664616338656332656436623032616136636232353364396666326633356564393265316238
34633030346264663435623565316631396232656466343535616163333430373635656461653537
33333333616439633631383433376362396136333136363662303363653431666265616132646361
31326661623234386631386133333466336133336336343961363631376235623863626238383237
31626463333765386237363838333761633264363730363732356364623566343534396439313830
66386266323636613636666338313734653439656538306232623463636537353733353333383232
39666665326530386539333762333831393263386661616334636435396561346662336264323030
34363638613035303537626561343466613137373536303636633335393634343063613433383663
37373538636336643337663432646130326330656430373734376138653038623632326138353132
34316138613563633536323336346631343135363065333163373934333132373739666361633062
66303764333930346532643831346164356338656163373361646663393764633461646239383034
38393266633262323463623037393336323564343236323662623735643166313334386437626630
62326335626264333530383433303531313735666136663065636533363065323262333232386535
39333761316662653338386163663666656365343031313164663239616639396331396565333466
36653135346165643039393964616339663139616238623366326535633335303133323564316163
37343338313331356137396533356466376661376363386532383136313763333165306631323931
61653038383538626464313234363263616535666439623964663662306638393435376131366536
62646332303336653433666233353963623438323231636330386564643339393666313434373761
30393364633634383062613634666431663462623461333232313264643136663431383636643938
37323133333863626164303265626433383939346434353932393630326361643566323262626438
34343265336135643233623638373634326530666333633730643562666632363438393566373530
65663936636263336333613634643930653235313431366362643933666262613630636261313832
31336231363362643561363563663965613130373838396661666162303736393432666561646163
30653265656433633137633164343563373661326264333639376530306563316533623066326433
37383234393839633930353639376635623561616163616237666231653363356132363361653664
38343332373665653861653466346266313662306638393435356533656438323665633236666261
37316562623438626130336463623539343130366665643365333030363336323938343231666564
33323366646638643636386361626137303363626432383363383033363234643336383239646334
39336238663937396631623437346661386263616364373666633139333433373966303931303566
64323162363334303361636339633533313864353836386338343831636433613461616234346233
61336637656136376366366661626134316166326265643331366361383964316263666266613630
62303066343034616131666639663139313230333661353237663636323538323662643539313437
30396136346263353166623564313065633332323132376365643962333064343165386439313133
36333761313063326534633733633632643030653131333134333336393739313165396139633933
32363232356237343433646531376136336330366664643564306537313730303363643662623737
63393138356334663035613864663863326539626437303463386238323133323663633035373562
30366534343339613430376562343166626636613131346432616534376464613836303239393132
66313332343236386536396332373462366664656662663665376136373736666161366439363730
61383735613566663866326164636430393538643630653039366135336337636438656336363231
30653632313731643437393962303030613662643161326336656364353061366335666636633634
30363261323361323437393631623937666635666563386535333762366535386536613962363534
32636236303462626361656236383264653735326339353562663234613238343164636561376135
64623739666161363463343731633232616338636461383766656230623332366561356461376166
36616566346233343864376334373136313565323462393737636330303765373037366234323731
37663639313938626435313036366436323665616339343164346265393439303561343138343264
30363331663134363063633664643834323063646431626461626162666332363064616665383638
64333661366365616436303731363133336330656230393965373836306564663335656166653336
62663330396161346633356366303739656135313564386265306331353338383237613135313966
35313033356536663437643766643966333839373362343635396230316533613138353032643862
37656463303563373962643737616162346239303266613465376531313831363732363165353038
30363130653561306435316463363061323562393362393231343335356264633537316165633831
65353432373637636437353765663861323666373663373930653936333630313261616333333036
36376638636135666466303261663839663338356633326632343239666462353265623231393566
62626530373435333966656335653837343765396436373236666664393865393837396565343732
30633763373865376366323630306231343436366239343935353230316238393531323338393533
38393635646466663234643130353434633636623665616333383761326536666265646363376461
30656335363637363364653462303832323236383761333364326332323034386464356561656432
37323135323266373033633466613164613334643332636662336430383232326631323932626233
32356638313630373535323334643365396238333137343431303932303336396638303437363162
36623738323861313639623264623631356364386361326339653338323563656536646564326462
35656461623137633961613335653035363437313933663236313539653362336638353631323133
34623362323033613265383938643766363239336563646562306130353862653663356338353034
62663434316665316131343464653535393964653065356236636337663433663738653431346132
31663964393934316637646534356430313530353362316232393131643430333731623938653433
63343363376538346537303363633333393432383735336439386232303631323262303739326662
63326334633061393433343038383166323566663032653864643061656139383236396636396133
34633863343038323237336633313733633035373532633263363462323337343130633662636232
34313335363732373664393836346465346262386433663065343631353533373964633738646135
65303461313032326335353465666134663137326238376433363661333938623639383036643961
32653939306136373263393938333236393632316531383434666337336434626662653333373061
31666533323864336130373562626162663965303636656636623563396335363339343233356230
37343136313761633162663038656334346661353366343537336139316539323561623533663633
32353064306530383439333763623062363864326432336331353739616132363162643431343437
61386539343639373466316230623961366230643562386533373030366638633237366464306466
62383137373537373836613236353964613638616239363131363862653465346334316462656533
32393736366334643533343433633937346363383232366435626530666462656338303464343330
39653630633135626564306630353133653831663833666137656431336130633838306262623536
36336436666136383462383433653566646638623638356635333931366539393230343461313030
38326237643564626531396462353461636235623863313832383836386336343934663534633635
66393531343730633233656562613461363861373961623264306336633537666661303235303338
37356534373838343764643265333261333235666236646466666363366637326230386561373164
62633566653763316235373831643162643064343236333430663230646130353832303063633939
64616163336566653036383866326135386530346431653566663466303336373563663530396661
39393062396430643537323938366462376233623361343237313332343566653330396337323231
31613761656361316637613733623531613763306165653930346635313634393136393661343161
64613739343666366639363131366330333532373563356664333233613736633363333232386364
34343564343935623737383036313238393039363035643638643134363061373831663332336330
37353764643563396563346465393539303165363234663031646237366639663437393036313565
32356335623036313436633963313335663666393266656135666638613638396533663464643639
61303832373063366535353137663833643163353331366137303365386265663735313738363564
61366365336636343762393063363633383034303162313438356433363163386630373139313464
62333566313763663834393666366465353162613530643336636534663538623166363331326437
64613439333862633333663530383832376636653737386230373761633563363537656438303937
37306266633365653964323437303231663333653339363764653635653133666634303035316665
34346463333637393837393664353538396662336530663066343739326563323265343338653038
38373736663238306132613862373030353430383334323565303835646233376666663833353139
35373238626638313532643234623964326161376261323264343031636565393334316238326363
32623236383239333061653134623662633039323363333066373964643362353562313561623330
33373735616361316464356362653030356662393437353832383239373438666134613535333136
34313363663938393735316533323832373537376366343062386537326364363463323439643130
31343833613537353862346132396463653132363463623363633336353233326262633933313232
31346439633830663834353330303363333030343338626665343237653666393464663964643732
30633636356232343731363963333761633936303361333863393337643935343538376234623063
65633866363839666262623032356636303663646163663162626462316533326566326533393233
30376666623134656132303935303538356338626664343164313335623131346631633939346231
63346335343065346130656434396465653635353563383861396135343734643130643236373136
30313539383263663261636435363664336238353230636263333034386261623433383033353234
38373266356363626133376634636138626664383732306132316537666536383835633937353765
38393437363130373538383765656662633334636561613436663735373937313736333665633730
32623930366430663032333766313736383333336664636237333761616637353036653537623764
33333436363664666666363361323863373034643430386432343232626631663436393435376336
32653735643735366563383930363464663632366464663536343861336236336165383032666333
32623234396636633162636261656236306161336430316461653237653230616431396435333639
62653235653864323561633261333239666430316136383432393262323164303861613339343932
34353936396235376563663563326661303839363130643334343931303731623630343034393339
31333733373239626638376631373965666361396235623134393538633737343034373837306463
34383835306539343237653231306562393430356666366462336665383863346266303663643164
30393661663836306437396364333265636664613336626364656366376638663863363364313731
34623835366530393838356636366463636136323665333431386464633033386338656331616433
38386231363937343363343265656239613663613333613666383239333033636330366563393635
36636638336231386235333937363635336332386430346666326530353366666337346138643662
34386535353330643564653864623133373861663931316335343133333336636462363338313062
32386465633931383234386539643332393831373632373866363735623730376462336133303231
61366235633539383130656165646334313437373865323862376561353563613964353732613036
39353931303638373132643039383261303531616136633135383263306335363730663264636530
61303364663830633038663062613237636165646335376362326230353366633534623866366165
31646331623234316633396437303463613534623563626662393561626339613433336532386363
38313935633931616431303164623933646330316337323436393065316139353565313966326563
65336232343531323234643364623732643464343031386639626161626330336163323833396435
34343638356461343335656466383164343431636163653838393230616462336563316332646331
36633662316463356536613438356537656464633364633662353935306535663938633038346564
32333734616161393362613138393961306361633030366639623732626632303532323262326137
64333434313638656631383261343938663031656465376362626338616266303536323831366661
66376233333131326630333835363237663635393134636261633331343162333130363035633262
37666333613733313838666536336635666566373731363231616633653465663835396432663564
65393865306230613536313232303338353932363039663333663436613238363961393165663033
35646236363761623862326133616363393835313737303733306465363133376132663535656463
61363436323532323664346434393866376433336166653034333464353364353262373438643237
65656132326363626233656436663666346664613865663235633438316363393135333363316665
36343661326262353066333435323437633837303331346538323935303230376438373835343638
37373433666563633833663165666666383764343966363963623939643631373637623763363931
64636662313463303530333662363835323863336437323337653332303531376563373736313265
39366336303931366566656263353738313464376634386263336333343938366362313362313934
38653735383832356336643233313038383338333233383432373038336133646335393461316530
63333861333965323963643735316462383562633937386138313463653333373161313266386334
65653936666238323130396632396266376430313335336665366161313632303830666630306538
66373165623631626337373334323530333638343130366133613238623933626230333133353534
66393232306431316163386330653533636233323765663464636366363436326663396132343136
62313333313533303639303830646237623562636263633035383833396537333136343566623063
61633263393561373762646361656535306636376537366261626265303864336630363836363634
34643632323663666138636665636261376161383732376532356334336535643734623633653065
36346161306332623038336162363231303230613362333839653862323562623333313965616234
61656361633265643330316531303730333233393363663530613730346433343335373131356563
39656538383532613535363632663238393336633432633037643438346666383335393038643364
65303765646361356635653437353937643338313463306263616162636138633539393638333937
38346666313162613535626137346666666537336436323661373039653532343063323135363063
66373631623332346363646633616462623963323833306466303734366634376335353734396364
38376535396433616637343431363230616565363063356266663236646437396263386366396362
34623366353637383332396165623965666337623838396264643430306666303664316439353431
38363563303563323639363631613864643833396137303539636465616564666261313961376632
38386336623637326166636466313832373332343330373838633464303530333065366637326164
32353930373665663936313463303865306130663333646165386366376236663639316531313337
32623564653961326165353463656664373538613366313562343133343531376137373835363633
33363033366639663835326431303764383865336231646131313631396661323130646465336231
31346362306665363332303035633462336234316661656638363632393864343432386239653463
62333237663462656137326233373739316631373335353138643233376330656266323364313365
66353232363333646332396462646464316464656161343765336235383633303339643335303866
36623264326337343265643534646438376265623638653163643961333437376130653865343730
63343832616563353433663130316536323234666539616264363864303337643964333162646435
35313164623734666438353734643561653234666163616664363863346332626531616134613966
66613430316633353236636165646364666136316136376165356166346336666664643365313336
33653938623663616239663138643161656361373230396335323831636431303733616134636363
33643662313233636261313832393665366535386361613064336137383430323065366538386634
37626336636436663138623637646363663337323535653365656336346235366561366533333362
31323866303738336438343530343138303835623064356435343539353463376136663234306431
37353964383934316538646266373663393362306535383033383839303437623534393633646562
62623365346238323638326235343765333932353131663132663932643465646462346637303832
32383133373336353361306138303534383533376630396561616432366330653336333131646637
35656533343637316264323937666332376333653939326663373938376465323634613163373862
33323830303765636439623466613665666261303932656664656162316234643338363931386330
37363939626165653631303131663663656636646465323836613961303736306363633030356432
37373634623964623665353933613838393038376662313365646463343337323264333863663135
63346338653439313739653661656664643365343238313766356363333965653966306432343939
33373137363938613365323238313631633933623737336365626633633963306130623132633635
63363336336264353962626166323635316139303033616236316130383565616530643764326335
63333930623266383231386437316663393433393866336430343963333332623263666238666262
39646165316331376138336539383030383333303563373965383636393538393734303730366536
36666362313236373032346534363763393666656433363563326338636238613032376664323361
61383835356435656537666235386531643536393061383437396262386463366331303437643338
37353164336361323661633963373863646135363433316633656630323533323431313539613830
36633638336232393232656533633537323330646465666564383965623665666531306637633636
36366334376662386633396662303466626165613637346335643265343832393566656330626261
39613061623731353565303434373531303665643761656432343866656238393336366139613537
38666562323466346365316638663262376230323831333763613565636664663738376566366638
35323836663937373464623662363331656638356439376437303961376633376662373836356633
33633263366630316264666536653039356664343331623265393935323535366438393135376366
36353162663338333866666437353966323366666332373435633635343634326134626265336530
34613962643438656462393062643237343339653333376330643764656138303132353538343931
63643062356164656634356361376230333536313564386333663436363665656661373334386139
63383731323361386161313930656132626132316232626430333036336434616430343565373761
35366430393834376638653162633933346663616437316635373763373339626566373439363063
30626238636139343031383639613434633262303763393638643265303264653632373631346331
62393066333034633233386464383461373663343831333536623332396334663166336261323239
62613331323465643038636331336431303835353461366464313035393061613833633039373539
63633539656437633035336537343331353636346130623964353665623931626637653738626636
37386364303230636539623035346139326562313131313537666163383734333133653732366437
63373663326431313765343637336537643232326666313733303835636434393831633038363436
37656537306536313537306230663138653035343839306537653232353637393061323931623131
37363462656165643834616332376634356361353862356164383134666461333233386463633435
65666362303533626437396665633231306363323537323032633438633034313737353166363063
35376235306239373637613630353833373262313831373162643864623863393164303939323266
38343434643465393161316130353965313161303465326630396333666330383562643132376137
39363031303263643236336266373836613133313161333533643066336638636135393633383063
62613831326438613162623138653764353161313133306261393732336630656466613537306662
39333135663538396365313164633563663464666563356331333435383365333138346565323734
38383963333164633262306635316635306232666261663533343661303464353337396438643434
32313161646465366137653566363931393030323665333036653033346539623864666238656165
39363037323964623133356164303961616230616335643065326436316331356534363464306231
37653938623036636636346235333066616564363136623230333438663736396232646432386530
65386535323535346161316631353135613365383339656165616639643734326461373664363166
62666131613836633361303235613162636331333137613365363963343637333663303862313332
65353066366131343063643733636639373865616138363537663638333735303163356239346336
33346662383361613834343865383862373531336533303163643932386436636662356665356361
62363835343239303731613930333435383034316434663131346162323463643562613330333862
37636561613466323937313130653563353162333331323134656264316662356161373239363239
36393534653832343263353336396164343665343666306136323532663131303937323838323061
35373234626566333036336462303564373935646430653462366535636233643932346237396237
35616261313661303132323431653339666333653362646239326465343738623964396230386536
62326339636332383262666434393366336666373433666238343665393331376363323139383732
38626539306233623036393638616363643863653034613066613333376236383666383135653933
62623730613838653332373333653362666566363563663339383364343863373266333834636539
64373931303736363638643263663236333632323961653762323562373531376134336561646339
64326465626366663164663964313638666133373162666337636362353935386465383533313563
39336132663937356339326432373331333535396431616363646363383132383062316463336238
30616630313265303530313464363464646163393263653433613639323937643636396164366137
31343032323431363333383562313638313166333437386138663730633563613437363066396339
32363633633030633631643932373638363937333539343436643733373530613436663238363262
34646532333666666364663630343734303136356331313962666266646561306638663239383332
62373531663632613731336534666438396365376539356631306337626339303830396138663330
63313433666466396139636638643431356132636631366332343733306666366134356436633865
36326632346236373436303533326132393238356565306263323139366464666661366161636631
35663161333937366533663465353538303135313034393065386365366539656637366530653161
65633165393661353632393532616339333339363862343030643164333939306233313662623939
37386637316637306564343765626139363337356166396237643233366134623362323639623036
37613165393834393934323364663838616137383963336332653231343635663938393837373039
61323161316462613333323232343834346535376135316339383262633866373637333237386362
37636566313436616461353933626333653362363530316565326336396566643762636265373365
61306335396433636135316133333635323938336432316433636130643739356636633933666537
65336331323663383631356532356137386364306163356233663665303065646363393463333937
36386362653236326430396339366439663731323132303432623437323362346635373864336338
38356462356532333264306133303833616664393039626164323331376539346261336133333166
61386633373735653430613134663262353432643136636231383761663632333166343935393233
34626166366566313538343134363638633164653836333430363966646566616565353436343031
38373761643064643364663330623335323339333039333831316237356535303930343461346532
38666362303137643765376266643231616437366435646465656566346635376438646363643532
37343835643165393832346139313137613833396364373630303264623930656638613734373639
31343330643266376234303634653336353036616230346431653030663138613334643065353461
39653263643732353637303765613737353565633866373236646536313762653464613134353134
66313065393435666531346633646130326665626265303539613965626565386365373739636139
31613161333734313431303035383662383966343164346531623438303365666366333539663065
34386261636661376636363262333866313766653938383864353864396465313335646266363062
61333664636438373536633236333761623764666466306438386430386335303665373064353638
33326163613264363765623630626630656566313762623566323632633038656165613537356462
34356264336666343338663937356636306664383431616465616465626562396333653739643336
35646534353266306138613962646539666266313861356534356337653139666235326265316431
63646335356561396461386330373839373764643538616362383731376634353332643133376332
62326465376463303432626230303738636639346165613433396435366430653135323662356437
6137
