$ANSIBLE_VAULT;1.1;AES256
61313436626634613533383236353662636538613665383431613436643033376230373434313265
6362343638613736376133613266326630386530373263370a653239373530663563393763666266
30396537396266353334326566626536656437313332383036343834373734633337383839303864
3639303837356366630a306435356230386635666236656435343631376563373462396564333833
39353935623937613263633466636234383538343631323832343433366262633562653039393965
34666530613463613233353739383162386562313337343262356437646365363363343464316235
36393065633632373061306162663436326536303938653465663764663137343461646438613930
38643964316130313932343061366231353736383136306364303339336332613739383631633065
36303630386437613935633736666539386564333732356437306162356537356634383263323534
34643166323231616133666338366138393965653536303536363565333563353133393331333732
32336139306334346364653865376562356263623635363735313862613038613836323538643437
63663335353038383637646130373734653633616461663464363861323035346438333963393663
62336139386661326663366130376366343461376631393861303336386231326135666232393230
33363561323730386165306662376435356336373833623037366631316364396131326135326562
39623736313934623431666137383362353537343163653365613739653736636339313336666639
65653138663963663363633736633836373936373863633762636362313736326162343731303063
62633864363962343233636662323263303635636235306630373238643435353630366164373937
61393331643434386339623764366633346264643335376164306266373034383566666261616636
34366665343966623266663337366432316630636261326566333636316261656165653733363263
31363635363261326135333135306232643333383937373861636361393038326532363065656364
37653263633330303934633362653731613362373934376631633335373138663436313030323231
61383832663531626661393534346563313333373336613064613237653337373363653261663532
34396439333430373531373432303563396639666165656330623934613737643538643866336666
63336637646135613234396338313966633736386164653339313636633837336264613839646236
61346538323166663732343732666539616264363734373938666238333230386164313161376563
31336137623739626332366632613265393565653764386237633562636539623732323932616637
35326562643435383838663962323362376131393132383761666330653435393864366463363631
65383861336365343561653066303433376265663435633639343337326162626432343431373737
30326535366332383163393763363935333962366637316565636264303265343064326135313061
65333565323837646632383431623036613733626664313766633665363537633766393563376464
38306539366330633866396138333961393463336638366166623435623862633230373562346238
39356639393466353635363538373635633866613261616662366233383630363365303262643337
39386461643431343333366465356233353830626165613734643030653236363264356335373938
61623439336335323636646438643761326539363462326264303037353937616339343066633364
65633530646632323837653235313630623539323935393461316235623739353031363364383539
61353238623837643938333064323935353235353035366639373939363162623033653035356137
62386433396536383864613864313338643166316364646636306338323439373339623166316532
33626333323064386434346265333565333561663564336233656334666262306133303737616265
61356264303162636266653732343866353231376266666464666363373438336462653731363866
33613061333334636230336534316437356435656233653439396630326337653235626633346435
36353963373138373364363264326531326236336634306237633463386636363034386530383536
30386534393162653537636334356633653131313830613331303235633239323564666434383366
64643137663161393036363535303131633162663766363035373565323861383236326666343263
66396266636437666336666638386231383661306136363339363937333237636461663839643065
31323331643961666439373862336466643435633531636532353838613436393439633366623766
36396337353938343936383232626136306264396430636165316630623938663566373234643034
63663233633239343130393535626136653263613663316437303034333937643734346363613766
64373735646166383132383531633535643362303232653962373564396538653038633563613936
37353334326135346239383437646266353564663738313266326663613636653362373464643163
34333630653163653564333461663433346433356139393539306261633130373530363439343766
37353732636630646436323835323661373965613837303632353736343738313866373665613561
64333264653139376133636137353636346238313734666432666434333937636330313834633437
66663830393237623333353032306134623032626462656238316532636664396633636566623866
36616433346330346233303137306666313865616431303362613337393231393062353432366563
31623366646138616232633635303335633935313765376332646431656138653663373766636565
63653937393365356661663437323063386361363437333761636532633833326538636337626564
38393463346639633935363534643238663934636431313835623033356533346434306131633261
31663631383232373263313439653639323737333331326535646338306363656534343737613463
64633236383336383836316639386530383566313064663939363339626463303863363061663738
34336130326336323862313362656565373630316632633361376662303264643335663765356139
36316137353161346431383037383230626636646531386536383638616138656431393431633533
64333639326336303831386338353335646564633434613034633836313834626237313732383539
35333739616162306634356433323665623436396463396263376239653530623633623034653963
62613863316139613461636230353731383338333463646333643966343464613061316466613862
37313032333932386637633363623962306361393137626362326564373866626564313537396138
62333834363839333361303663313963393733643866386139306634343833376534333038323630
32623463613634633564363964626437663861333432353336353538323232663839386238303638
39306261316532373236343731353832323738313262356264363230326630666361616562303466
30343165336265383338653062643933643039636134646435386363633435643062666534643164
30393531323561343236356461613962333237343333616539353961303031636362626339343636
62623036613261393865366465653265396461376432626239363336373139656666616662383062
36656337373832616666303264616466373435663537336634376138316364316438623763653233
66626138663034313731336261356261626131376537336330636263643937373362366530646337
64363431633265393737333834313864663233333035373834373561353935373238316439366339
31306566666232383936643230363934623135333432306332303337353439303636343665303235
65613431386436356662616335383766626536656565313261613761316537313435303365653061
33666634623431333633663634353562333566373433643062616131633530616366666338336261
30613866373335323762663332323362353433383365366236343431333463663430373763643337
37346163386664663131336331353537316131313333633762643964613739396666366364323362
35376561373634623563386631643534636564356362383536383334316662663632653036646463
65643736666636383635666532336231393162363837336637356231306666656530363362653862
66633938633565323839393264613131383635313834343535343863643031373863323066353831
39656434613763646262663263346438663662363839643064623631323536376162643333376231
36663536376236616335613431643861353663636336653932343836393361643161323464343562
64356633323864376365303962633437346139663462633237323835323438643461336461646462
35363965303561613039346136383836616134663265633865613239643966373737643430663263
38306462356231346334353962643233346663636564656165613935353838316236333139346130
61306536643534356532616661346364643130323938396139656336373264376239363962643635
32653863633265343736306533316533616130643435313464613433373332323438623630633264
34356636623337363036393238323737623638643938643634356261663662343163376462633932
38616439396361343531626165646235393634353039323262333936646662386330666630323638
35343564393936646465336234353761326536393233373064336265363636303462613830376437
65333333653637396264333665646330643038656439373364656365623432376133613662633232
61303937643262353438313263613465356534656233393930353839343965336166633639643932
32306235613033626564363330326339653338613339653839333265323664303036343431663163
65363836313333373561633839616538653861326131373737333761346164653738376636363333
36653761633137633130306133386136626635356665613137396164376139623236333936343036
35623131643532626666353133376161643766306337653963613765363761626332613666316338
65393465316337373132356132643437343732336662316238313766343934643735373431383436
65653364313939656630396338313035626134623635373966366466306539623138613839663061
66306236383963303432666234326162646261613437313235353837376436306461636166366633
37323332653766663066623538373239373332316463353861323264663562626462633161393334
66656261323562373261353832313763656633383937636237643636373038366464313061363966
35333666666437333963643562346530663461616530393862383834393236393565626638613437
62653635666439613366386362333233643238643964313462376333303262666365343265343763
30363561363062663365336334643939366266336433633232326430306431653131336130633037
34633066343862346530656134626234303539356539653332623236343637306232366362373432
64343764623232363062346665303631313666386439616164383463346437333862613335353164
61303936633933323230386365643837663138396362356331613732303432663733616235386331
37333334613135663866633832343964306666643665306636626638643764356364313365653032
62323033646266323566386436366139386130643531613537646638353739333963373739383961
64363439396338623130373366653961653137346630373563336366323736333139323831353538
38623963363535383236366463653666356232373561306338376336303837653235303739666131
37383533316230363538636162653532353261626334376130383531373837326332343032313466
34396635666534353132373766396137633538396631313466306438303831393766393435373665
38363331303930393863366231333361636466313637333536653034343637666431313962353065
63323736656330383839313039633734323464336338313738616261393765303638643936636531
32616439363239643539323363646161323461653438653133383165386138383464363066643435
39303133343436613133366666373934326230396431336138356237366635633839376332323338
61633862306131313937663030363137386637353166623663336564316532666132356162636632
31343332376365656132336132646433646331356533613266646633393830656235663061663562
64313834303033316461313136646164303964646333346363666535363630343831356663326362
35626261366563623566313963323531353931356261323065336433396437616461636666616666
64663162663866376365326238356132353737306336306563613631363761333037653061386137
36663863656630323234623335613339383732376365326665643237336539373638623537376665
61393439643266616236356530663165303965643735393035303965656133323961643336383832
35323266326136626436623934313366366262613133386339343139636533363234333762663865
38633432363662363238353634636139663838656432363666336331323633313462643962656332
63353862363062306638656166336434373131666237666663333561336666656261386435613964
35666666616630646466363735653339376536336562316439363231626262623430383435613461
35386366396564366566336236383632356561633938616664386531663864356137306463353937
34656234643361396336303738636638646536303231346632316333666262353865316533616139
39656538356331613239306530393863353865643732393633353034623364313966393735353038
30313836383532353762376439373239663533656136316533313364666132326166376636353439
30363931343936373461626631623666353534313537666365653939316165633566396630646562
31623932303236313936613265653934303863373365666265663632636431333162653939636662
66363864646562633535613662336234366435613231313465353731626663343862386162396139
38666138636635333463333961323334356162386536343436396235393066333934613733653430
61663762373737303761323434333037303931363838653030366436343434613664326335306335
65623166653539363930616635643336303664323336343934363235643965303962393239376365
38626363373935386132613539336561366136313434633636633639353339373266653764366438
31353438343737306230653563616437356639393862613064643234646566383434343538373161
32343636353335393861386162653538393936623365363863333232323238326237633665656239
35353966663138623737356634613038346665636439643161343933306431323036303633356139
38393765653136366562633365366138313337363036306536343732623830633361616264363030
37316436633362336238613131643263363833303639396566623565613831353866353237663133
63396433333161313230346237666164363439363235366538393138653362353663376236363735
64393631633632333563386537343339396439616662336130633538396236343330623930646136
64643730363933663438313563373238346137623937376365306638303761306230646135333632
30656235376264356631346235306264393736643061353236306236343530313732383334383265
63623263383630623734313832656630626532366162393964376134396561306339376232313464
30353166643163383731663635393935393061353234613062336566346237633366343339363139
63313533323261346136353162623630623261613938393461396331353231393831626634326439
30303132366136636430313366306562353863326637326632336533326164353530353338376263
63313234343061633937306662656138396439633562363266333666663937643563633433376434
36323535653865373933313932373537336133636136333633633836353731316664636636346635
31633466343831306466393839623539313032396339613665386630333436306136313161336263
32653862306530666636383932393537313337386237303830326639386433343339636630383236
34396533386338646138306163353232613031663239393435393663613637303764306339316634
61636262616131336563383939373838643233333330626432373765376534353030313231633937
33613330356332346162333462306633633431623738623338636661613839373935616564333164
32366238333463396238316364636438393466303063653762646663386565363937343934333166
39373530306332663065383833373832613932346636333264613039653864326662613235323966
35343232633531333931393039383235636666326637303865303230346166383737613437376135
33343734373164383434663136636237326362363333356664303266653639376664643462653939
64383338326136663466373338636462663437363466666138653163656232346162616432643665
30336434313163646238366166303439613236373566643761303263333634383932346263393339
63656263623266636232393264666530363336636564313663663062656164613838336635323335
35326530323235346466383064363037383563346439313238356238313863393635383334366632
34303432356362353333666239313539333136343534646264303866303236666334396539616466
64656561313462376563306662393831626165346531376266393035653436393931333139366438
66653162366664396161393036666430353331313165623231373039363637386235383438346337
30333032366566393933646233373636663662353436646631323861373261626334363866623365
62346464383664396531613030633135643331636235636233303163636338393861613261363062
61386632393630343266656438643530343966646530323433666537383931333264313433343933
32386135663936393031653839316134613063356639666463353938343838363939643137366639
39383130306466346334613166366531663263316163353835366231366538346233393661333364
62386631356438346330366135646364323936663831646235643366623836346230326132393164
62336561613336303966373162653133343836396332306333613465633165383164663139636661
37636137343035623131363035663032626630613664316235626132363136303939396431643839
32353537343765616437323461653735363831656366623733396663646137376433373066633031
33643931633362306564636562306431653462643536663430633165303663643165653961663139
34326132353139613730633534303236613237613362376263326565653932623933373132653037
64633530303762306564643337636164343265343966623730633461616433643139383238313532
33376336303436326235366134643638343836366166636664363336346664376465313638303965
64613332333834623135366235343964306331396433346539396238386465666430633239353663
35303161663763313136626632666662613936383335313236343932316236396534386266323631
62666666313237393863636633303864666565333663633961393765616362363730313561626635
32306564656264626665646333656261346566366134656538356262336535396462343635386665
64363038333363666263363361626562313335383139303135643064343630633964633633623538
61633535383966396537383437363132363036373361643838666564656632343731333834353934
32363737383265376633313331636363343832326335303066373332316238303333373734343239
35323661653164393034343065656163303231326237313066636235323463666538653532336134
61383466636265616331653464376263643437636231313634333137306336323931396436666163
36663436373332633063313366386634346233346136643763383464373730306531353537373134
61646232633638366438306363663166616236373463396432343933346363633661346433646639
31336364316261616361616364616361386364343161386439646630326366656433306138646364
32333038393333643039646135306130386363323933643863303936393534353931323963306161
36646239356230666262663365643236366131343565653231636536316535353031316563666662
35666439383661613034653438313934646162343134626237386661393337366236376638626563
30613166376161643830636261643137366633643962393337393864643538313664333330343664
35613530633332333036366663366334616461643130653734666130613139616437333637343765
31633966356630383464663834643234376537386431313232306365323038343338326639623831
62363861616632363739303165616137313737343766343065316562373434633133383061363331
61326233323330336331616635386337613035616564393139613138376466396530336332656132
62616334613963613661326332363565373065326638333834616162376263363837333661373761
39316431396561326365353862356563663936613761396135383031313963643936613234313034
63653334383264666162623931653030666364623564663539363162623461363137396430396464
31653236366635613863383063643162613361643533393537653235643432396666396132646366
37656637616363626537643932303433306163663530656639373364653139383833396231303832
37366435333232623138303837663330653633346131636663613833633530303831333963313830
36346262376435626666326332623132376564633837356632653762323832613934323961613537
64663361333534303631323139303865663338643538396433663466623739353136333135636165
36386431303334623736636663333332306232333239363666643236343937356264336437353661
66393337636435336633353634343363313538626234656333303339326633656634663236656264
31343764613261363234306534633666323237303131363362356262343161646639663834333730
36306130633465666137646263323237336233396466646335396130346639343063346130623635
30306362323063306430353833366661396539613531303030623538633437376131343036303133
63666564633962613761326537623034656230393963393537656539366239343338383764636364
32333038333262383365313736326662303835363836363334396262363136363336363935303434
38353937393866356238643430386264383064663462383935343636656230396663333163386537
37633463383564343832383562366639363461396330386165333935383832666133323861343662
66613064623537303234613437613937356338363261633835373461643964306134363837663232
65316537663461616137643539336432303432343562626533356637646363653936303038323665
61386339336265623566316666626261313463626637373761656636666661633866366530333563
66343534333565343432633262623033306336656663393566333732376134623530393134623861
37616630373633363038613430316438386138636636323033326563396161653338623831333031
66626434653132366433343638663964346432666530633230666464383064326331316666343061
30316665646634306562656434383838343236616135363339303635373037386162386139646565
61376530613933396231313032356364626464663962346166646535616131366439346135646163
34303634366531633237363532623031303062346363383836346637613836616437653162366337
33326138396332316262383031323939346564326633623666643630353333653839316666363030
30313666346666656532306164653634643866646162306438303336633561613866343332356161
33643531643639316662343362353632636339336361326664353437363732373334363563613932
35313130636235616266623637326536383063366564646166373739316663666466313465393438
61656338343038303739356434373632653761666237313536656661323932326533646538363634
31646361656536656163306532666439303935313965303537366566636665336234363736313739
63656533663731316437333636393632633961383566653462613134376636396261613737623164
63333735353536663864356535613134623735343161663066333063393438633837646639366366
31336637303962353664613966376330346636356537633934353833633963633635353135363538
64663730643664633266663131616538333432393033326135626136633466313236306533393734
65316238643465666633633832636132636636346566383936346464306539373031353363326239
32363936376131393165326637316233643236346636623534336533383662316566613933326430
65306261656631303132353361613035306232323864326331336561326437666138353066663132
37343536353465333331396263343863656331363433326663363763653635636133323165373032
65396335643433393863653037656239316238623730626663613566353435663530653738613837
36356266643365343539363333653434613866366266643961373431303161346663346564343432
33623562323161396131636539643231656533393766366432393335663934653163646639623963
38353835376163306535663733636236393231326231303034643765613763316230373338643662
34376664633235393037663064643731396263323134313031613465313065313332396534326166
36656430353238663438356135616534373234666464396531616666303136326237356137636637
65616563393439656232343061623361366533326637333035373362386435386634636239313661
65623462336361393064316230396461626435383564653236343039343365346263353338633938
38313131666665653963366136313138343261366665376438616338613937626131373537633036
34326332346164343765383965393036613663343137303934393736653238376432326166353736
66373762353635613966363561383565393233346532326435313761373630653431376162303330
35323732353061383531306562363161333663333539643939313964353036633834356435333133
39643662343530616331306535646134306531383566623230663635393162326337383966336139
34613537623739636365653639646334346461613564333734393635636430663463633033356365
33383635316565386635373736333764376234633735613061643236353634376661343462323763
61653635636363666638663564353131386136613939356665663133363865326636623561656466
61303230303465653861663838663939383166363764373037643065383235653837303731636362
32363134353936376133373362393830386133386434383433353239333463633031393463373966
61646535313664313932353561333336383630353533323162666135346435363430643935366261
39666335373739313565633635373933316163636664393964333766343333623265633832613162
66383663353032326564653338336236376638366462666564633264393836663964653032663263
64326433306533353439643837383435623566306637333133623634623664343930373036616562
66313134396265333461383031626332373233626231343631333835343133373038393136396231
34363631393634303039336230306562623333393230366632373135393231613637313335613039
64343561383363393734633338333031396665663836623738663364393935373336353431313832
34666535326634396665333866373434313533396632313763336634386430663138303335666364
33666631343063356430623934636632663036383339376233386566366535613661663734383936
38666463663965336264643830323632366336336133323231616237353930653835646138336661
61396139333537363531396661353136613161323837396537316138376665643665306333323238
34376130376133346665313430316265306565656638353865633035613337363461313639373836
33653665376661356330306664623638303637373537353366353034373939653562666235326436
62353835633266306534363835626162336330643362343433306235653630383331333663633933
30663438666266363961663737376361343638326163353461633965383239646663383434336537
35336664326466623535393861626230656337363363666436383864336238313963633134346334
66613964653436356330353134643332393963663138326536393539383161303562613736383861
35623935343336633064643535303237663036303766356333643766653734393738363439366238
65383433663435323934373133333235633233363036353538386162633635316265333764333936
61323031623731616139393931323530363666313934613738373533343662376237626337663762
64396561313136313739643734306135396466663834376566613838396465323536653835366661
65383733353665356530383239663432353265393463663230353366663766383262666639656131
30376335336335373230343736313934353462323165643966346366346563666263633632653033
32353531313832333863316361343137386230643234303333326336306461353066343765666630
62643231643432633930383636373562613833613066396237643166623837663466646162653466
62323239306232376131306239323734376463623338303665646632343636326266373134613861
34376364333364633966353766346334643835373938373138366234623936636433316637616566
31333761313464373535323730623563366436663935363536613261396435626235303733353033
39663032616638353064343364646439326331663366306134366233343639376361653236376665
34623763653962396362623461386265643064386134653966396661393038393563616331353661
64636232353666303833656566313134333264386262356433303764623265316165666432343831
37663166386261636634383335316164346366346665643632393837386630376335333861633364
34616663323262613063343531386566383837353832376433303262303538653166373530366166
33393062323862316363363834653937326131323832396638316638373065666133633865346261
64373366656433323831323439303633313436366436656635663939663566363766613661346635
39343837313365653636343833623461393738663433373061306361613061623339613461303763
65356535343339363966313433613862396632366561373430393463336465333534323330376233
63373536646361633734356234333035623230376232663032656566326432616335663632663564
65376363313262323639316136326361343764373764646331383563356566653236613938663766
36643165353136316634653261303433383661666231656538373735363734316461313036366665
62636534383532613237363666363730666430316463333830613632323461633262363933386165
65656232326431313133616630393633333933313866653565653765633933623361343766386634
34626432646332633035373237636363663130616437356635336532353430376262306164616538
31323732663165306436313936653333303731306430343364323832636439373436653936333365
34353838663039333834353963353734303366346333666462323931303434326566316564623931
33633836643333613438643732383434333533386539373837376339383430313665343432613533
65333137623533653635393134376639613638336362306566663261346564333838663635346634
33306536306162316565663431666364613365626536353464653539656161333139623865633834
39346563346432636435383264646265336632613761386265326465323436333833343366363733
36393337333136373062336637383463313135636231636530646135646366306237333932393863
31623065313862303535323533666133376665346665613865306335316466666361613864363065
66373630343531643539393333663431376630626236383830656263323761643562666434666664
35623664623234623336363939653161633437386135303761613932313263666462663036356236
35323766343065386464356230306665373537323635373330333533363065386137313134646535
33643461396130336263393131663234623335626633653663323231663934353730613733383236
36323462656631643365326162306633346365363232386232663239623633373563626637613732
32393539663934633436313037386230366438316137383761383462626230306530653364626535
32353237633263643739316637343235313435613630363732633066376335353137396162383461
36613239373461333336653162666231386434346263376336636263613363303862623165646265
39313461383738663733653164353335333266326665356661363231396137326531363430313634
64656532393165656563343936326136656562383066623838323033623063333437393435356637
61346463313831363032323964343034313331653264346234326335633138313965373462333232
36366634376163376438653639353064393762636233366233333937393262613739636530386661
31663538636333386135373865623037376238313030356436316261343330323564623565323534
66363030356663343534323034333865643139346135303166363364306236303262326533326361
62636163306364396530346365653866333034646233343336333764613234656432316139333330
65623933336433373536323037343534653433373764306636626365336632336138363462643664
64613338316666666366663737666531663061306536373138616534303062653633633964336366
32636334313864623234316461656164333965656536613336323338343539323839633562386162
31376433323661643832323431326335343535356166396461316231336630366235613537646465
30306638633938316164306231333637616534613939353762373463366465303363613734363234
34333533613637336537656532643261356662326232633561636239653333363839666464623864
63316662613164343563363733636532316562303166316530353965366638643530663662613761
65626566623439373938653235366136623130303139386234376130386435343661303738643533
65306136643965366232313931316163303565326139383832346361636663623163646163616434
34633661326432313934626632306632313439306664633132323466633130663161383638393138
35393264656462656234353834656138346539623435383363623437313165613664663735343138
33323434656238633437376131386466313266396161656634323066393234393534653261633263
62346132366661343432313937656230666235383264373964356330396534353934633739663965
62663566653161393238633232623765663736356633363865323036653537363234626237666133
32346434383763386161626432613133643331636132656266643833373064366264306435303935
30663463363966353763383035313937396434643761666165386532343639346234656130373039
63363830616566653066366332353665623738393939366461643164386435613565326333393535
33376439323365653364373931396539306661313237383439323930336137303864666334323936
32626237306233313435626630383064396231376230366634343561663338633464373431316238
66326133613534306563353232653230316462636564323934326536613236383663656230366365
65386361663130336461646463303237376264663935393634343765346362626264653362656332
34353364393631393864393838616637306132646437613063643238386133343633656236336463
61323361613536313665346562376663373832656236636562346639363438346466386634653666
63613538666630333535616436333638656164333031656661356136663731303739363762393032
66646138646666653837373233636532623938623939343966656531643961366334333561313662
62346266363435633365626561383031353762616265336466663330343161346166313561366634
32313365353136376363303766383030396537633937316131316161343463636562663531356135
39343763386436343065366139326336653833373366613638626333393961366532373562616266
61343737333761636538393636316530613731613134613966396530396263663235656330643031
36383062636230663965393637313533663239666437626538643636313461363332373833316465
61633635333963353261623439303332333138366238663362326635313931666635313863383266
30663934653435653838323462386432303839333833326161666531303464316562653733373064
35636564316662303934626466383961363336623034313432373232346264336435613930396161
34616631393531303737663532376434383435376335323864663061306239653038376639333962
30383232373338393061383863343966616366343932383035306631376430383631383137343439
33373636663764306539383265316132313965663530653231386366306566376666626563663163
61666164336366316334373538623466323935613361666434633430383766376634383064333037
32616434373563613137343830386237396265323561316536383065396433363033393433363931
63356634373838353832363362373939343730303363303134663630323365356531353232663966
36393464336466353736643161643236323366653137653763616166363736666233663237383135
38616430396437386264626566396262386134366536653861333534383439626635626535666361
36653761366165326134343133633566326339306361353239333331663765316663633363653530
62636264653039346331356166666532303732646338313130306431336631326665386466396563
39376339346461356461316635386663373737616365643532333362353034636266313630663832
30386438613835366233346163313337303363343936333966653139653736663333653864363735
66623933616632356264366633383864393561393632663034373634316230356162626535666138
64663264386137323737373662633732653731323565656161643431666463633334633766663764
61356237373130303161366135366636346365653563633566303066346564363734616539613761
33656136636138353166386363636162393865313438306462376137333362366237613264646162
38323937646264626431613464313166623438653632373734333131663466373761373334303237
33363833656136346530623661393034343530336538343738306530386338333066613262356265
37383435313262633334333964306563393964353934396536346662646466343239653761393561
34306138366564636161653735333134656264613839366635333739303632633735613039323235
36363633343435343466613331333932333133306161633830663533373561623437363639656466
62323462336462353662346366316165643937626662366638383461626434373764326361353930
63373465346265376432666162363736313530353235356236323661313464323362303838303862
39366564356432623830623162306636333931663863303130373031363566646533383038313366
38336334653431666630343632346665373061636636616534343165653964356235373838393732
36353536383661626263646638396534636164623736373039316639356665323635383566663930
39663036613062313333386230373964366133323331616137363163643462363062383637663930
33376537346666303237326530393232653534353438653230353839636263313266383962386135
33636264613339666534643064373561643139663739353764393933626533633834303232353535
33363034333232316164326563653134366533323738396136326262356162656536373537653835
61346364336665653934313138306262386262646334333162633737666239623063383735663930
32636163633930643338383137636663343939623134323264356539363434326638376238303866
62663634623832336362333035366539616637633336346564363839363264393662636332343966
66643639633836336438353436616565346231343737636138626365656339306130663265306338
38623062363231663239326336353363643233316632363263613762303262376363313333666166
31336639346631323137666466346333393133396238353765363535373130336239353539326463
38626566633134653865346138303337386238383466626437633065313164383737646134656231
63663464356138326561323137333061363637613232313237653163633633356666663665383938
64363934666262333238663236613362613835353835303037653964656561666237653731303435
66323834653762663764366662323531626363376238393135306436643536623535666631656432
31303037363538373862653166646237366431363662303131396635353566666266643564336633
32303839633662646664626433376266336631346466363636386335636534343134643836376532
35653339396339386164336132653565376530613436616466323363326435323731633163373232
62333034343864343331323934393464303064633662363732366164323533326161636164306566
65393564613235393438663430653030343739656131653733663436363032616633363064333035
36663734376166646430343165356465616431303730306464653231613035343432396431376563
31623461656565666633346132376132613537386262303732313832386662386437393164313237
37656161663332316433623439373834346235323633653262616530303338383063633934316666
32343732323665323661303033343132656335306133303435366237626162326630396232353933
30643934343566373264333533386265633461663232643630633636373261376534363534613461
66653538643465626366323864353635623433653438646433666162643266663965633734303833
38653630653536336336303330326135623333646339336361396532613639366532396138353261
34306635376662653038383439646233323439363235333663373838336636653638336339343337
62666563623630333439633339623534666631643234643537646563366263363965373763363938
34623965316361346336366262346165633939623066356462613031313938363365636533323234
65353865373936643465333238326131353830643939363038393436333766303230326639623439
61336563623638353265343462646332343732663263376630623862376637643436373532353438
31663562623763623736636264373563376665343838666435376661313862643830393633613663
31303634653133653264313664393436313937633930383231323339653136653661356635346163
31386465353063356362643837366635383432386431386162346434386533653632666531666566
36623662336432656634326638633465353861383432363338373665323530386566393138393737
37643834656263343138303233393961326239633565353336613637343738303331323330313431
63303661356339303939363266653562333634303961636336653363653734353133643064366666
61353235376239373039316466363131306662363936383963356630393234376462356437306362
61646338643335626337353638323266626632613838356438346266623062366230313466323363
37356531373135666266346337346634306133376334656337386233323130326263663630653838
39373532303235356235303435346162313438353136633965646131396363333864323961313363
64363961383861333564393465376230633433323030326436363633633161323733336161326365
36633538383463353231663934396363393438646133343133643032353630306433366361326331
66353439343035306337353466666535333361613236303238393432313536323264643566636335
63393234663561613961613465343638643039663936666338316336363235623665313939653230
64623937303833303733643463633134383666666536316362333066646637653239666465386236
65353036616539303837336161346463663466363764643630356633633763613631383766636630
32396539333238653462313438376131316537616164353437376636383034356164323962613762
63353065623131356361643966653165366331313134313839333434336230353538303064306433
37646631633137323432363433333863373332363566643837623266326633633630636530356264
36343032356161373034623037396638393261396565306539383031633539313831626661653366
61356366666539646165393164323731383565623637616434353837353961303666386531333861
31663764313062646235616330633538626566336165663562316238626463646561356630613461
62366662386562343962393031306539613232643262316336666363613538666663643133636137
39356366373265313632313965323936303930373364333436343163623233343936643137333438
65383534303363333533633231633333626332326639663435303431313066373439376339353734
38636261346164646336313133633333663333656535393363336365666238666238653432363235
65313162653961313739383165653961363566643364363534653034386435656230386164636239
31336235613037383834656237306234366665363330633561363338336463393739356138306363
33393261646639666636376461306463623864326561306562373362643935633834653139643336
61333332366461343634383135643538316463323536626261623065393362666462623961346562
35343261316531353235373764393035663933336364396562383832313065353331626537356135
34343737383664323333383063396131343137303761376166353831366136366436306232313632
61303932666262353832303166386561363137633934363935393332383964616537313364343336
33376535336161643537306538633038663566613965356230353032313834633061626339393938
30313835343937633131363938393039333566346636343333373830393731306162323561323563
39363836356135373366613738316439343933303932373837643832626639323566373932653131
37663362316534306434316635623362376631346230636339303962653435353762616664626130
61616639636264666431616536366561393537383835383238646332643234643530623231373762
32613365353133636636623730373339353131333763633566633462626665333539613564626462
61663239653564366138323632653863303566353739383931346334366563626534653566343238
36633161383166303232373432376432383066633364663063623932316463346262343964633665
32633437636363653037363665613863313163373664626539373330396330373461653463396662
37386238386162376139613762346432393938623438396432623965343063663064353838343763
65646264323736656564633164373532353265633666386433653966316139663337316165313132
34313839383435343166333961323665353134633765616439633634366462373835656530386538
39343163343761613539303434373963313833396638383338666332336566616438363637336530
64636630343562346561316536666438396536313737636461346365326262613834356330393965
36386666323431313532303731386561656238653731323232626562613564333135363161356366
30653031633663653862393032363466613833666439336435376461646532336562343663316263
63363233623962383135626463346664626461373561653533653337383632313433386465633431
62363665663135653366663731643831376661353235653431643266633165336638393730313564
36653430303165336635643564656166356133313132336637306161393138313161303262323534
62336537363665613633613562393334626233333763663531343030623639303135326135316534
38346366313231326161326439633832643732396532313133653738383564643538306231343765
38326435353532653865633437356361363535363831343439623264303133346536353065363035
31633436376539323334343237373431393336646631396233316432343733306333323765613333
30376265313665373030343663383833386438383238663661356633613832616338383162386537
64633031383965306634356539383664616331303432643362353566396333306337336332366236
66353334656539633634653433643036323361616533666431323264363831646333363936666564
36316264623933623836303762376130343665653535613163303830323638646264393238326463
65663731646339643561346636353833396331333036643263393065643066336438353138373963
37306530663233373232323638306564313365333362363365656531386130653133383738303437
33346362363434333736336162633333336135663661333239656336396161306564636233666333
39356361663633333064333431636438396638383734633464366133633064396136663031383836
36373862613961306630346561343733336435366230663762633032353135333963626136363339
38306434633435636337613139323738303634333631383439343030616661626330623262626634
39343263356663303638303931306465383734633932333366363832316663663439373162356466
32663434646635333632383535323836633937613261366437306664306131643330666438656432
62376464376636353965383433396532633963663138316638643530353866386234653939656266
34613235393431646363626163383664396131643132303937376136313337646432306538363831
64353231633466346337373237643066343464613961333532633333393234613365346130633836
33613034373863643834316237636263346338393936383363623666373330613862353461373232
63653634376234623035333736306536323934383434656165623232386332643730663736633362
39313834363136646636666663346262373862613562626537653135383065373163633534333436
61613262303434303636393132316436393030613936663262373338613533393461623665383931
34303831383236613963373434643464616631343264303864613463626165363531363035363136
37653561313439616638636432663433376461376535336632656439383538333262663731663163
32386132353336613934626531313963663939316162383162666662623365363134343930386535
66613835386464616339323462663031343062373632656230626639626165393233376430356438
63626233613236663738373135373861343762653332333863653538393739333432623135666235
37356164663865373261613761656361663030336462303031643861376435653532643764326234
37373239653366616339306530353731376536353164303361326362373162396165653730636232
64383064353866613439386430643538373066323139643064333563653562353236356261663530
35636564383162313761616630313463383838666335656439643335363466393631346136646231
61396466636563396236383435356239666234393236636531343236363464353432333837373662
39643464396266386463396332343537323634633034303139386339633862653938316338613934
36623533613861386634303733393336386365666466653861326435653432663930316262623064
37316134373833373932353465373739343735663965393635613363366162393666386561636531
34626137363038393834613332386663663732616636303633646531613731393938323165396461
61663335656139386664333738646162666133373636313163346164613662393136346165323537
34356430356366653935626234653638376236353633373938366564393764363962643435396636
63313431303637396536653638393664383764303861626163386532333361633366616636653135
65653238343034643135633331646135313064623632383636613962353930316361386562393534
66376263663362336266346266376163653365613235333838623033343430636636643534633830
66626161626534303464633163396261656165663832623735393665636638633339353037383665
64643932616465636133653963653438313137316231336162326532663433386536363034633865
63333563306161313065636534306332623139386338316662373035396661633030353562363732
31373431363134313239363737356236353666396238313633303966393436613264356635346636
66646266643836343732323537376235616332663336366364383364623966666638336333323138
62303530373362653165383434666335346531346135346464656132363765343566373036613061
66383237306666653239353635666264613731646433633663643930306133313962613235666565
33343666333837613865643236323132343166393361303130393361633763323964643261393139
34373163653234303564313238626462373365623861333631663330346232633238613630353461
34623563346638393031633236396662633935356436336333656336333138353133383337306535
30626239653439353964303232306664303236666264646531326461363762363136326636363636
36303361323363336134373266663238313065663861386335326534363038636463666639613037
37653565633962316261623230303964393233333532613262356365333936363431356530663265
33336231333034353732313638626364663763663730333061363735326165656336313462353033
37353037653031316661343962373663303936333639303463323862623566306133393839333264
37323161343439633334633339346531653061353261343839646365366539323837656235353430
63633336353165663463663539306239363765373566366261346261663663613033303134333938
34613661313432306261393138313636613134306336323835613461303763666463353564666366
38343834333865336536623764383933656466653966303364383031643230666463613639653563
61363039653566353335623563376439633163313635313061323138373631396266346465396466
66333565373138333330313964376265663264356230653961366339663337353930383832383637
62303661646132333166616334633437653464353966356233633536636639326338353230373333
31653335643535666266636235363162313161326236323431656435383938383838616132313831
35616538353464653438363063383166333838326437633235353763363134383137336232323633
64336665666337616534303363393764623631393865386335343632333161636539666539343637
39653532353866363433613536333132626532383962346336393964616363646430646539333661
36323436356134666433633463656261643665623039383266356263363733623634633335343038
33643337356265326664636232356163626461373564313064643131633034303365373164663166
30653366393438393232303835643765613964643936373430303739653561396335336135323131
33393262633137656633353237623535656666616435653465326231396163313837656263343265
33653862383831616238633833323536363234363265336237326535656132383438636236363033
37383135633832396361383734343364613034383733326632373033616230663131366634333134
39653865643231643533353364373338343932623162336637636131323564653531616164626634
32316337366636653437356262313834313832336662616630323232386438396666313464303766
62323333343338306465613337363339303264663936623738306339336266313166626439646437
31633735316666616533333361343261363530363134373931306562356336626364643762643563
63663765386334353636643563666362383239303266643634346163326661393566363761663661
65663936376162383035396666633039383239646331353034383738633866363263393835616565
32353832656538643963343066383435633736616430373536613536616530613665393862336331
65303537336530623534616639643134666235666532626465376637316538356463316166626637
32633562363136336662653666623332656637346665373032383335626164396365656438343738
64366135316330323735303163633661383231656561303030363163383936326461343465623362
39643262643830373561616235363833363039356663653665313539383239623838396163623338
30306537383166333738393564666463353034353964653066636430393835353966326232623832
66313031383632613632643066613338346232316234656530366437623063646164613837656162
36326136626532303261363266356635366161643136613837306237393332346562313039373761
38346532396264346263366463356465323561383962303337313465366333386366336538313234
36623131636362396562393462343564316362616263613337623662376661653835306331633833
61666339643962303033316666346137383138396563636439313865623466626263386135343534
61663161663864313637376166613438373738356233383638323239303665386339646163653839
38383164616566343830646538626534363334633333633063346562646130666163386139646366
37383735623233633337303438633831303664623664626261363133666638323263373433613733
64306139643930366530616666383139626235633465633630396264383336356663353830653033
35373664366362393932666632393961653832393733356531366662376632333661396261623935
38343537643932396435663631396135616236643331626362616631313738653731393366346337
33396130666262396135623737346536393561306463333462333138376363386364626230396532
36353138653036653037356439303037613565393433633733656432383137663861303364623730
34653136383037643961636133616562376534306138363734623838393033373331343262363661
61623130383334326630363563666634666631383762363337323862633932373463633531386539
39643939386639653666626433356262363536646237636238623535636234643639396363643839
34343733313965643434353764393632353237336262653338343833646231636435323263363830
64386532336637393134313430343264646463613838623537383635623138326336313236376361
30353331313362636130396130323131663361613763326430363833633530353732343130653761
32333861666564323431633839663065353431366664616438376466306466623738666239656131
35653434366638366332633035663835303831396566636263313163313935663235306261383332
33356138363137613735663066343966316432333762643233363939666466316537376363393332
39353432303461646534373937663737316334383535616635326566363365316165336561363835
65363834646332623836646162303063363537373031626665613963376162663134356435663832
36376232306666613065623333346266336231373762316162333139353234393432653366393064
66323564343931623135303763363666383937666331333134363162363661333936373833643639
66356466653339396232326332356466613138383566626164623438366465313133323861363164
32343635323764646563613136333736623130626538626164386536643730643636363462386666
34346536393438626533656235303735656138643663343730383763666338303361656465613162
30376338643363313461613130626561303165623433353533646230316638303164313537306465
36616435616234333038383363336234303239363030303661306439356336366434333066353239
65353534303330333165333364616532336438363866666339316664313466623233633336616134
38396636363762636264643134333238373836653334346361316364393131613266623238643464
65663832616430343532393565303161343737613761653730343833613631323331333536393534
64616664333636653264663961326665343465316466616330666137346562313762356631323661
3135
