$ANSIBLE_VAULT;1.1;AES256
37383436373934383262633435313939336266383864333864313366633865326464626164336639
3466303264336366383336353666333937656433663932390a646461383937373432613432323031
34383665366538613461306631333261346332303535373666383836353332636535363736306664
3962396466623665660a386332393439616635616532623836653833333064363332616634616638
36626461373633633838363961396436653736356661366264663538626433353638353330383165
64363965393737663061376336323233623337666661333234626562316635346633386132373562
65313032393335393734333930333336363863313034356365303436646262613531326665663737
64336339393365323365636564316565643337396161323064333539383138383662313137373733
61336135326464666261393565373662383633393331306564353836343965343233353461386338
35373365333266663262643634353363346437336266343764643138326566383065623539356538
63333665316531363036633035393332613733646135646362356262343339653462343161643936
62366532393662663063656466373334383038373832333639306662333039613665643333316533
39346631393262336262396539383433306630396262656662666262653730383231323062396630
63633332346537636264353137333133646161323130653262373034346534343566363630313138
39343636646132376565386436613632306162623734646431636465366133353230633066643532
62376265616138303761356262343433623433626562613439303331646236663061623530623163
61363163633938326130666534386236323861636364656639626435383539393236303332613134
39653866663736626631366463653835396636346266366335386433306331396362373362656338
30363465383266643032303466636634356565366439613132636336336664336466626161623136
38316633366563363232623936346336333365333237396530633534616563373766623536313038
66633436323032323035323066343234316334663238393538616430663934663235363833643639
64323163333730653130643664316536303836333064613036373166326464346433303436356464
65663532626466373864663038633630656237316166323561623337646538383463393438396535
66643439373533373233623965343661396439333534613765316533383536623630313534653436
39653739356564643164613363333439643339343235353266386236333836346335643538636134
61653330343332303761353432306538386563326139356261303062383038316637666131363039
34313831323961613065383762623032313162363466376563633633616364396239346366383534
64303766656631306333646233363930333564643832366230656466316333323031663964646263
31643036363961363966393465666263653034343961376166383630623234623235666334633133
38306164646636386534303334306664623166633530623366653766383266623964313438376463
38356531633237333761656363346630386466343439303531326666656336313130656266383437
64386137656238303334306539326238613934386234313233336462303935343963613765346465
61356336333964393362373336373462366265326162306430663439366634383161653063643061
38666338373437663264356665386137613635343662306165323539636430656363333562376232
30383137343534306536383334653036313236616235643566653431383466613634303762323864
33346335323232626635663262316666663466343766383737303165373965633634616466303162
61666137643662383033346639663833646639313238346665376439373765336134353135333934
35393262303733313362646637323936396130386133333066383536366130663536356138646434
62313235663565326533643164373837383466373537373138373034303166653934306663663266
66386638353466633264313432343838323063653436303334383762323632303739663065306331
66633961343361396266643539346539366565333563303631376365313039346138663332633630
36363037643835633466316439373839666130386332626465653933623538313032326534646335
31336435633131323062373162613633346664313638363537343662323532316334363538373934
34613066643734626330353834616233656438373366323530623034356432633534313534306438
66666138653538356365666662363638666437353164323865343065386364663635313765656161
32323666346236303634373230336539316532313264333762356266363135363563326330333832
61346233613935313633343634363439333165633136336232636166653031316361373831616130
36313037376431303831353635613834303535663632313635633562623738653165656462373434
37383938643139326463343364306366663963616531386162396461643430623162376638643731
31656236646336346163396432303233643862393037306532336362353263383263373035386239
39383637313033636662313838356365613432623637346166323732303738613461336239383930
34653964353231393265386165316265666230386666633363393839333661643261653362393865
31356463616664343761346563313135626436383836656433636630346635313934356163626539
36633730663837396664666331303934646236666136363964613966383264616337303433663864
65383063633963386539613537333364656365633530383430343162373230306339653436333737
30383930326530316637653864313161306461373965663133626263336535376339656232613261
66333161396638306562623334393463383530306137396337356662333364633336643832653363
36653130613063613736323336636231323165653561363832386165316437623934393839386163
37343465643966636562326636316238376466353631346562393563623838323531303731313131
61363537393936613963356464376237633137626531626666386535636437626232636636366531
38656530633630326232313962633965653939353032306165616131363337646333303339356539
34616635396463663139636239326337363132303465313435626638646135613561326331313434
64393137313635633864376161333961623862656565646238363034353632663763643931666537
38333562393434393862656461386430316636303031636332666565663631393037386563646338
62616339613333303163356234626461656236323133663264383166383861616437656533323766
63303866386534393265643538323430613334393666666231663166656532643232356434383561
34653565376135333731666461376430386262613961383262313237636632333162633732383537
34303931346662346438643234313561636335626630376130343033363930623337363530373261
64656665623138356131323935666633623832633461616363663161353432653137613262303939
37336266336532313636633461653435653331613365306635323664376461633332336365356132
33303739353765653261663166643663393361313266643964356530383261623032623963326561
37376632313834333566343931656565643163366664353137313734326565633736653634613966
61646639313431343835303262376531316465313633353536393266353938363663356538346438
62636563663063306435613239663038346634316362623663613562616633373631376366613263
65656664316139653264356337616165623336396164343936373334373034353835626437323966
33306134383134646239373434613731623936313831306639346161343836323434633363326432
30663833363566366663376535663036363263356134366639333863393938313736636364626136
63336637353666366236386134303530336563326565383532653565346333353036356237396633
39643334393761303434616366303934393833363331396431633565636566353937376634623161
34396536353434623462626564623163633736653334643030306364653338343832343762616266
30323631653236376430303731656233383061633662383532633236353838393437306535383837
32613730613364333166626131613666313733303334666361303566316563303339653236363263
34613964323461653062366465323365636233633531643830326537386637636631303232663766
62333265653338646430616535336439393637633064396331363764346461646430623234346661
31393030646163633265396366636564653137353938613539653735323932333130653862336362
66313234643231393733626433636232363238646634613764313637393231356331366666343764
63313366366161663565356262653565303766633132393036646338386635326238316166643131
35343861643738353362303264633836393933383762396464343835303161336335613931626635
65613039333938613833383963396366346532346265626431316430643939626334643033373664
34393266656666323461613766383364353538656464383864653033366236333537643734663635
38393931386262616365613731393966393863313937383562316461303434336266303536323965
39303436383266623635633233343661396533396330306334333937346231633661643233303237
31613264306636336434373132353136393737346662613630613836383630363833363038393238
34663864336134643461353564356364666132383335626663343932373666666436653865303665
38326330353364633563653730636632363964303031356364353637386631303637353434356134
65646131303861646464636635303839616232313965626337356461613234386234393264316330
64323661393232666561346263656130353736336230326564303730636363333063663137633435
62316238373463393532633231303134623566313764623239393333316634343136663763373765
64366262353136353634383865333365353937643237353364353735363639316134333432316235
62666333336363613035363131323030333832356362613331356163613139336535323335616334
34663636633634393638353561343237613539326531623432623939353034343665343662666135
39333939636532333266323930373333633861326262366637316666343630666362316134643634
36613437383035376532646434383963343663393563393837663137353936373062623466363134
62636232353933663836396439313062303765396332326336353030326262623462636339633436
34633035623331356561383534343734666465653366383763333531373831363439656638363465
66316236613464323961613435316161613136373933646237383432303864633333623935656335
33326563633339646339386362336562333462646631633830396163303033353333346430663361
63663762393364363734623136386464343732323361336438386664626234633638366433643366
32353666623238633064393235306665643764376336313036326461643233663862396337646335
63343831343336663265303738306231613438643038366239363931663339343931393133653931
62623035336564306165396364623338366366326531656333323030346235656235643466623963
64663366633565343464333838393731373636323230333734346134306131386566393935383136
35343434623338613338346664313561623464643962663639386130323364373633353937616164
36376231353364303034306135373137653237386165613831356265303666353361303130636635
34363133333065343663373632633930386633396236663939393335613330366237363937303665
65303062356337346334383937613533656238356561623238623332366266626636653664343865
63376634313962626537323066396262653736666464616263353762336562383837623232623230
36393264393362356233663131633133396365633366373333303033336461633233326530303962
33303438363832323133396331333864333239626537323965303664653363326131333434393637
66653439663535653339343339353738633035393534393162663235323762383832303535393761
31383638333936396466626230323864383961656430343538306665373939663334323939333865
62636339336337363939383362363363383338326536363566316231323333666363356537343061
61646161643863303332383034303532393261613938656435626533643666386466383739353936
35323964333036383539636634333136646237653630666533313762343535376436623732336464
33323766313133343466306237366563613636373064653364323764663762613537633238383232
33626663643238663762316430646663343431353766663731643839323864623335303965663764
65653961636133336339646166346166626335383463646162613139336132386437626239663137
39646233343638663230616161356266366136663964633837326433393134623863393833383663
61343930373261303031666561323634326439396561316535303834306363373537393464663738
31393166663035613733343530623631643639306631366130333331663164356135613333616263
39393638333164653834613561326561343264343430326539666164643630363665313862373862
64303066376237363961383564633165356365363838646339663165343937623730343035643837
66386362323030346662313235313265363665656637313231306238306131356231343237646338
38333966643632376262646264313733386639646237656532363138303336653737376164306362
63373762326632616234363131313939393334353261653133333139316131323866386631343164
66373466363366343937613462353033656231653465316439373734656530393831313561366333
39633163623431666633373631663433616132323264383130313165373365373239623931336461
32643631393633383461623836333439313133363237616364643761336434343264653838643564
36653663323736366162663132353862383439613735383332333532333363373133663532303132
33356462396163636561636162386537663632393837306330656664353939323135316334356334
34656239646631383663653935303161336562393265373032363932643364303430653963636631
35633062653834396165386535626461623364616165663062393637393437666663653261653962
33383136333562663930316633653861316337313932356235333566626261393065313963343938
33396138656233386531613463333366646163623030623065643936373262656666343865656666
63303361636534386235396161326235623831396631616662376131643363366531386562313038
61356134386530623436326632383032366263343661363263313436313463643936653363306633
30353636396334313934353936363464643530343563313330373030633939663132306636343233
36376561633062656239303536313862323331336434303265383538363831626433613166383561
63646337383361393530613830383336333961396335313266386238323765363563386362613831
30356263316537393033323232383466363632346330393131346536346137663266363066666134
36333666366634623361623433636265626362363435363431313939626234616165623538323931
38376338303761646265373537633936656234653265663239633838326534353334313732656239
30616330386666306166386138653434313739663966643236356134313838636466376364623463
37386537666231666262376331313935613338313634613637343130613330663030643135366132
38396363613364353030626631303762663661336435646339316437633566383164333133376636
64616662386130646231656437353134373038366538623361613938633031643063346262643833
37393964373232626439613866383064333336623665326363376330623532666339333065663231
31353261353362396362353763386164643130616237623138336430383533396664613263383761
38303761373938366335323832346362366464336531646361616661613639396135366233623766
34326663656662653162313732666435386237336536386164353531303433383163643133666163
38303038643438353864656134363937346464356435663734616562383133336431326563306330
63623834613763303962366166623333366266393630393163653333326230643363656562613933
33333131356635353961633139663661326466343564643262633239633237656366323934633562
30386261623331356138633532653663316237396466333562326537343637663936343332636231
37346637653139356337623235396331336634366531386265346564396634333232616639626338
65663930376263336561396131353632336432643137396435653930656566343431346661663262
64333935306261656338303738393634313636333562323234646264303233633631363761393537
35663562343866313736343565333562386633336666653466613763356339613139373930363232
39346664383265613966356666306563343730316233316265343530303030656365333066643237
62353833356464356266653664653661366135623065383530626634333561313962666630373361
65306434353436396666646634653939663464313037636637626632356466623536343463653136
33323833333863336630383761346138373338363632653266373939333432636263396239356161
39613165393630353966653365653462613130616462636332656134333463323131393038393835
63386164323737623435656462326532373837333266643435386334366437333633623030386364
32656134663131303862336436373263613839666639386265376634376633323362613830623164
36346336663931623033613639383161646666646336333163326663333937313165666363366366
65376137383632373131383937373035363766393936633065393065636135343831643734363565
62316363353430613166383432396439336632343938333634626332346366353538653032326462
65386464613331656336653937643964363565396134313036363961346162643931303633363263
66376262316563346165376430376133346237656238633437643439353366313165323265323464
36666530663865393861666431373766333538313866653665316263613435656138373338373737
35646336383731613032353033653466656636643236366135383233653463316133396636393861
31666561623361626564623334663831313164666165646462616638373437376636643032396265
62396234346434343536646338306131306136353336386530383661326462336230626539626535
38343563623530346532623934633866316330326165373339613937343865656539653731363931
32656664633432383961346564393236393637346361303930363236613339656365323336633666
30353035656664356461636366356139373465383565363265643665626437373433616139343063
34366132303861663430313663613162396264656464633366316332373831363764636633366439
63333334363232313435646465313761343634356161633932303166643237663538333466653834
31396437633534653062663539386665653863653663326534633636366166613665383235383861
37303866363432656265343963356639643933343465393630653463643832326363386666376665
63646336336263373535313739646131306264636362666166633137333663616236363532313131
34353531326630333237396531373966623763653437383131623537393265353330666334653431
38396532613832393661623931646237323734393261643462646236666330313766646264323765
61653434316363383232383162623664353965393637633834353363336530646636646238346138
38386266336564393638653338303662633462363662303339633265323265633630383064633663
35363266316365386661313533616466363961306432393462623963323833316130666638376165
30333662396234343962393363633430656235386334323736306463333331396166393633366134
33373039616364616135313565396363333231616137613965656564613932316330623233653330
62383138656230316239613462336430393764393036383035653865643234303134643839323061
63623234653134353934303665386465346633663065633431386530396362623763363434393362
39346265373033653164316364333739626435656335383433336630613637316137613534316361
36393566323338323130303561613639373837353531393434306639616264643138396335636439
64353439653335633638333434313062303361396631366666336236663261353234353939643066
34366131616464383336363964353434396462623439346664323238633137663361643562313564
62613431666462343437636532663164343530623665313430626632326630636164303531623766
37643331636333346661376662346136313766326463626337623438313635666261623039663764
30353435663333613862643030353934613737386534306233346433616665383163666562383035
39646361303539643861373333663566343633346631636430313165623333316637353863666231
31356533333763646233616433373438313235306238383235376263653838353033316330663735
37323763613534633435303764633932323837636337386631323036316330623433353163326466
33666463303739636436663539376464366532626561383231646539643335653231323664623137
63373334316164396234626539613635656231643739363936663062363662663364616361386566
62386430366333376163636330333763633063666562623230643934316561643662656630663034
30623837643536653033643235303339623038386330393633623030373633656436663539383334
38326663393762633636636561363739316630386364633734386337653466336661633531656531
39633831373539323466393662373664336439326266656634383061323066303164656263613335
37313162336136323639376435343031663132363430393239393662383536373431613739646531
62333331353261353939613733363835666431303664353761633033303937653530333134626366
66656630326636396362633936643836306233623165343463333830366539633436343335613363
35366332386366383264313265383765393630313939323665343432323732316165363132363466
39626261363634383966306638353631343930336462643335393731653061363731653638373234
65396237626635393563646238313233646165396336663764373763323436353634626337363436
37306266333230326131323762316438633731643439376664613733356632656466333732303966
66633763656461666138663632393231666464376564343336376666386539623463303030386130
36343731653936356634646361333332656435343934386563346465316164393664303661616230
37653232323961613430666431333166613261373837353163393961363662633035303763363161
31323161636261383564356436613830303862643132666330386130316235373064353438383538
34643133363131353265393764613138343331323364346231656564343432663962383335303037
33323938636362623863333338393063393534393531366566646662333464343839366635663435
63353062363930333931383438663134386138643762656339663935396538366238343337333732
34636463663736663162636166343334353662366230633162373036616466623065376261613861
37306464613831393832333630623261336335373530303931313830613065653964313934366439
38373836373435366266343538316231313736393864353765623730353066646636323964356331
35613135626138623765313765303033313730353064653165666361393461323937663136346234
32366139613039343863393030666266643361653762663163653730326662623461343335613430
63666138643630303863353637613031623964663839363466396437316130353832313830303437
61633838663231643033616261373631393832613135386438313636636266656366306161343265
32343664393339636435313131616561343162346534313464313230666262656662343339323831
32643235396635326539623937353164643230623136353163656535303239616366373261363061
36336230653134656132346439353639633666366237383534653833636630626666326134646166
35633462356266346164326563633831343633363261616163643732646531643630633261633961
65663735306632356665386163333939633132613165613361313063366163373562386139393030
30623533656365353365626436656461383238366431396531303863303361363962326232396237
33383937303262656633373539626462653137373436633038623163363761393635613632333134
66366565336265363532636139353938626537303331353265383961313134313766353030343739
37616162643364373335663531343636326134616430633665316332616336333536336263396435
35383232323337363764323463383463633639396366336333646337373832626431393239313966
66306635396633663230316431313762383964393263323331336564356637656135373362333565
64313966356337323763336337336336333939336233623136396234376433363538363831633562
30633830663431616666323164386638333762363230386538653639343130303431656335333164
62643230363763393430393330323437666537363764346338363033666663656263323562353932
30303162326234386366633762336233383638313336336364383832313464373463313734306237
37643435383533643466333231623730643737636261626163336566656339353866393266663633
33646464353634353237656639306463616262346532316165666630343239346161323835653065
63663362356564303639373834343663356432623636326333636266346635393766613232313264
32366337306232346361653965313930623831333831653735373735303231333064643332616534
36616666333837353437366362653830643132346430346163343133646631383266316664623161
39636365316433303337346234626466333362653138393664303865663834363334636431643430
62616465626562343635386334666663643936353762383263366262383331396237666238623461
64623761623631393737653834343337326335306534376234643038633633623638623539373161
34636237386562326436323034636331633434656163363432626265336539633032393132633435
37666333396163653732383735386264303539313031643663623635646231356166383033623632
35616538626435343734626230346330633663633437343365663662326232333732666239633633
39353035656561616466313836626164316334386464343935363438336430323864626662643639
61653336383939336537303032303135313339313533623862376365376233353264326462623532
64376438386166663530646334323137303466363566636539623063373066396530633262383439
37386630636566653731663938366533663464653139323133386364393437616336353830326336
63333863663330316132396263616534393038313063393737633532326138393537333539363561
32616132373634396564663463663034303135333030306334393332613962363736636138623934
39666432643438626533316530633531326537393939326166363562323231316437323338383332
34633363306630356362393361666539643038373337356366633832313638303936633331666538
31343765396432653162623462323932633266386234373632666237343266666237643938303366
35626138346631656438636166366464643831396565623962303664636130353034656232663836
34383532356632346231396338643761336239356666366436386636313361633131656165366435
33666562393162333436653961656332623836623835356463396366363832303133336630643230
63623665326337366131383761626434313932336538623963656461666235386264656530633333
38306562336534653136306434393538373065643139393436663562303930313761383234393061
66366531616632363135313432666434326635356638353239303964663364323932383432336336
35613335643161343735323333656539373736656564333661636632356537396564313636376135
36376561323333386465373532623737313865623462333966303961363865643038373866326430
34363532643030333331363563343365373165303935623664316366396535343734363463363633
36376464383239643365333763653064326438346139353530656465316233373966376362656366
34343034343136653539363766366334653966646433336533323065623035383135306365626563
66616263653364386536323434663265663032323934346161363266643164303232656465333636
37343231653231393432633131393337306633326165373438343736633734303733366632366432
35623532353337663834313464643462643130626164303132323966383831666537643238353463
61356237336435666337663064656134386362616330623765386564326230353161646335623733
36643235366432373861376534623736356234386565663533326564343130326432303561613830
37323030626562623338383734643466363230313030643066396463643061633733666162666339
30323330666537333364656438323662343665323162383535306661336235356166303939663366
64336531383335646165376539336130616234373835663765613139353865326366396264336334
35393561623065323163383664613833333433626239376662326263356236323663643763353431
39313365326439393863633863303164363239653335323765363631653030653032323738303664
33633938383466666435356363343930373439666136653638613631653565326430326231333438
31656362313165376535323034633165653861336261393864336332626262363065336433396130
65383133633066626438663030376536396466653930633837646634316632373561633034646335
33333139383465376236376164663734326239326566373561393961303864343530373661303337
34633666373731366464636434323233376664343463623537383536636561613633343561356565
61643239636664653130633166666633313639626364633664343236643338313235626237313332
63363033396239396638376363643166623363343837633031633134396638356634386530393661
62386135316564636231653661656431623535313035363038663737303066353230376438666230
39623565373438333330356234316163633566616339323336666639316365633731353836393933
32343831303561653036663438373932353730613536393733616463613330336139316339653135
66353132653937643834333431376435383638356531373235653866383565613034653938333831
65306334326531646431376166643630306434343836313966306533386437653031633963653638
62393030613161663934636335623531336336326138326333616662393761313938336566623735
63343266326439343431633533356334376538363765653836643161636464653866386332343831
32633037393733616331353034303538356238373932623661663765653930363362306535326533
31643331366661323163386330396163353066646430623534363039666638633233383330363964
62666433323338656639653532343261643266356565306534363438633839333133626137333233
62663035323833316239656133323062303931653532396337353732633530636538383061613031
36306334623630303130366635366535383032623765306361323831323138333732663333613165
32666237306532346439353161653036353865646435633037343261373064643737336362313962
63336463653463653838666264313830353538626630353639313130383863616562303439323432
65646563643532323464356137326335336262316462373238613930643531323934356532303937
30656362643830626139343439303337383735383530633063636562353062353532663565336165
30386630333166636262323533623565376239633332316165396334386331333730323739366261
66653830656439303530316364616233313663336631653932313633643033623838313463376666
36343261666331363561356635666131306564363466643633353862393763383836336330376334
39343366343536363536646134343439303464393836353632353236623061373430653364353438
33306635646163313633316465363864333139356633353565316330363238653338393631316439
31366564383563386635613865376538653566346364663537363936666233663835303632356162
37613864323833343635353662663331383738386334636336653264306532343734323361373635
36616535383430383130386665373735346232303631376662373030633631616636633733383664
39383936356263333737653361346162623335616536303661303532346435626432653434643466
36343330643862363865633162656238656532346163316233333934643065396433643036383864
34656565393634333762366462646163346237393464663233336135353637646533616134323166
65303261313439396130343564653264303735363434643739343331316436656163363837306336
35366130366430363535623134383335356539316433373832616634646638333162313062366466
33663837393636343731333731333034313937353130323838353039356139323432393236306164
36396666386234393331653231626439396135326163386664363037306230646335623635653438
39653631373664616663373836613931653932303337323735623262363039643536323266343763
62383135383339653161616364653831393163353039363061666231613238653937653264336563
35326133323266313932313564646535366235396164363934323037643739613536643165346661
61643536636639643738383262653263303366336336303563613532643363386563336130666563
33333532353830333335373566626363396330333061643332666133636333653236356130623136
66623932363730616530646131643032666262303630666134353832333965366165396632363563
36636331346666623864613237373363623338366362346265373663366437343034313330333861
35363762666335353262323262336564643463343235633738303437343939396132316166306536
37616635396265353431356435353437393039393031323034353865343738396537373761643535
32313035396463623932386332373766656334666562613237353463393233616430346134313334
37386533333931613532343664373136336236343464323763306563393830613931366161656662
39616236346234303961353661346337323562636430656536663934373963353931643865326235
34616463386435373066346466346462636531353663623439376261343666643639316134376530
33343932333233343734666530623164363934643665373064663739613438353737393266343331
63333366386339386565343735396364373030353634663538333839623864326137666132306563
34393635353434656334633561623335656564333565623737383963643365643366633362363566
32356332376539626639313633333930643031323861333433636133643865363033623235616338
64323063306664383865326366356632646135356334616539623336303737323261383162643237
63313532646138383135643532363031313431633030323938363637386537333665303731353630
62336339643230363933656232636534323563373730343939633239323430613364306539653630
63653034323136613166323432383333663366313464353838383937636330356434633464626364
35633938653837326231646230623332333266336534326532323132316636373339343133656661
32633734366436666235386564303965313939353633363261343830386463303765336533656337
63623162396662323331303837356261363338333136653462623663346665666631633134356463
34643234326666343133646436353035653862643963323063636536666163346431633738323063
36383335663462336165363736343036383234653261336431666565663361316131363030613333
38336538636130316436393836373634663635333565303238613033643539306235373464663038
32306466626533333062666132363230383533343131636261336666636466356636666366356564
61623231613132346135376639306232666633363736396461393631346663656337393431643463
37356137303231656136393735643761386431336266323862386261343836333732316365616639
35363030623039323038333738653765316434306232333966326564303461613064663066316161
33626164363165616135393338376135653561636137373138653133633837393733653238303736
30353866373736613837303763663364386564366630303266316138353861333339386434666437
61323632323735653838393861633866636639343464316664373463383865396666303737356439
33333434363264373665396264653566383363336233633165346462393731396538386261393830
30353166383666643430313336626365613636323562393164316365626637386330323130333965
66383838346637643561373933343338636232343565316430343030643838323733393463633632
63316531643634656130346565303563303038663532313464313233623861636332383035356233
61326266643639356437353232313363316364316530623432313736383562373335623033343835
30613438623431343161623235356531626133323964333761303438643536383134613564623961
36356231343830343632623331316334653837623963303935313566356135636436363938343733
62363266373866333061666432613663663864343961363866373033323138316164383939616337
35653931333462323739636336336639633935346333353265643630366365323839356137626164
62653464383635346665313137333035393562653238656133636134386636356633623461383130
35626561303435353032363064386130643965663563366236653836323731643334343538376632
39356364316339353632316438333565616466356231636265306233306366653361376632663064
38656436623262313738663137646263363739336435366639383832646131633133366437666533
65336639643963653833666230333435653433353063656431326236383035333161363130323032
30636538303631653635633138633035356461373034393136623732616135303237656663636366
63623438336333326365313562336531613537343462303763636465336237366331653233626161
63303536616534653934313166306336366530633931386563383362383831333234643964353765
61376437383633643365316232356162386238323334306137343264623966343263633838646339
63346430333838373463393539356436623165663138623963323563643061393163353566326336
30353839303537383232383962636138613162393839323439353861313438373066316638656430
37303462633834376532633436643930386662313763313564303437626462313930356533356531
66663435663534653038316163663061636663633231303937633438633761353839663565323163
65353235373139323633336235303464396536643939316365373833636632363136363562393939
66656338376531326632303731376138376235336162323936613765336439626236653333346466
30343531643665396635333566633233323866663266306166623361623035633039666139303136
35383362616261646533623263366437363535386363303731383536323935383930656337616331
63363562343862313630646232646439383366393330393861373631666639366436646239613365
66366361336233636135376366313533663962663835643932303730623966663764626562303334
31306666663561363632633532303936343535336263363030333738663361363462343334613765
38316631396235646439323562303764303763313630366130363236333135656135393465653732
33393034663833333164306433643635306132393366623134633464386466633733343233343136
31613738613866363161653034633362393237336635336539646637646162326365633964613437
31373661376536313863383539663232666231663863363937373161373439616632636233643565
62313634663836366433343564633638643561336535393839346365633264646135353361313666
36363263663064653937383266316137323934643866626634643930633839346662383339646664
64363631353765333335383837353161643538653264336664323264323832623431313838613738
62643231363666633434643438393938643338326465346438613266346664653365633335633234
64306137366631626438396534366632376538356239323165363466613964373239373663616337
36346433313463386438376163323936363762366530386134633363653432343834356339386262
34616464653539626632643462343164393763666665326432393732653332313430316531636235
66353430393863373265303332393636663536363666393162393431666237656462616234353635
66386261626632306561623330643131353239386231336136643263323131613461373832663033
30383030653538653535663731376162313637313637376237613832646533613631303635373531
63313365306666313261363432343735656639373139646462643363643434316332643363333364
63373766643039623035366136393562383031623361383231663036303765323630623565373838
62356465363165613063356261643530346162386436386633363530663039353535396635643933
37346437646333396237653935356561366362626139396364353235316637306432306633383635
63303438316666653562326631356163643532623863623961353233653537656264636531613738
33353936626364656338666436393233313933383832326663343837653466383937386666303136
64383830613135383035306531656563656535373933306130383864383265373234326139333261
64366461643937373363383133326536643763316166636265396365326333363763616363643133
35373532313937656666643930316133636161386263303338626266653933326165656136666637
37623938633633333036373731323766336237643664303437386165396165633864316464346437
31306135613733323361643534613663653637636439616436663162363865623930633539353439
65326635376139623663383838306435326562613964613163623333663035666132396634646538
66636165383162356231323938323163656665666363633834346263336536383934643333303463
35653539653534313238376163656563666535663334363166636538643435343533643866316339
35646363363935313465393062353735393861313038666566623835303063653231616534343637
34386161646265626561653831626539616365396431393664393762623336663638646634663034
66393532353233636439363135623138363333373462336665343336666634353330353861353262
31396639633563376464386538343034363732623830333963633236346333386131393230343766
65626639346430663364396139623061373339366362303532396131653937383437633235623739
61646565633435646565663163393934336539623534653434623066313163303662366462656535
61353039666432393533643531343434633830373637386332393239626132386237396537323565
63336361353235633764313038386664376434343235313638346437353933643732653064396163
33653339376230343566363762633764333839626332643263666539356463643462633863613430
30303838383062653562666233353038323132633964616463366339393034313731313035646332
32613061326637633164303739373566306433623834656436363932326365363665326330393866
36636535663539336635396534306335306134353362663734323462316433333931376161383038
38303436646131636637303466323532666166353534356330613662633735386237623262626634
36646664353862373264363663386563303862643935636434633332396236616635626662393238
63376461336432376132616465343165346133333063333063303761323562613334313961353835
39316135323664396237323065336561383539393461393363323635613536626162373666643964
34633638656165316437616131643366626539313034376338643230636638643830383634633037
32663839613265343438323536383161386531313734653430663963623262393036356334323866
38313738623264393365353565653030306463663739363338616266643336666339313963306633
38386530323236383766623737313631376435393966393131376533383931376133346263396262
66656434326532656135346230306332663039623063343937303937323637363263356163636130
64393031333063346334616636646332363165613336613235393366393363623039363130626435
39376631613938646566656131636533356134623730313434346164333165373931383234326636
36366562613936663636613537343065373532653561646564306564623939396437656138303236
34333837323462653130373833643039313530656166303738313735393436616232303637633835
62326638623966383761656230313764393533663361646433353530633235303235613935613265
66646636323235643265353130356239333865613534323138363566346535303639663133396230
35643636656565663730633938666164376139333331653065636666366232316663666631356530
35326332643535316466393537386232663665396138643339383665383661623437306464646464
35396165616561326237383931353165663238373633303731666362383133613530303539306466
66346431356635333861333731306332353438396138323032316636316262323664363665393065
35343733343837653539653265383865353832353534323433363165653934376239623131666335
30373466343465343533356430323564643939643237373131353431643335336432356431353436
37396263646632313761363865306633313131616531396238316336313538393462646361333633
36336238306633633339333637353835386136633464313264356334363261326337336238316665
37323638616139653463383036636462383961386264323331623037376438653265643463353862
39346632363063623131393861323337346463373037656162633733373563653662393066326465
35646531643765623161386239376263366437653733326637623739316661333563663163613234
37663532623932306161326561363365643337613665316565643266383036646135643730303739
30353836396432373565326630316239333839643431316538646536386365666235336230663336
66623330376534396562313662393230633538316437646439376563616265613037343338323835
31626566373764663365666666396338333762633761613964396338306165636461393139396664
39323234663737633135613639633533663438666638333931313031373065356332636437653265
66653935383237653032636336316232636466393235353465656533393538393732656534313535
61663739386132643633356130313232366563666334373661343163303361653064356465383535
38626232316639393437396663653831383030613234306130663135373733613736656166613632
35303338353262363937326432616136303331653462303563366566323036666336343931623531
32373134663665303730646362363731383761393562303030653934323638366235376563323532
37613966353764663238616465646333393664356334303932383032373436656463643536343865
61373761333830306639633161356262373338396663366333313964303234623032366366636532
31303165376663363339643134346561656564303532376261333133336333643032633963303338
35366338366431356237656236326162666131623432356232616332343831383361306638663236
31643831633538333865323865653536343765393337656634323134623261653666333361363833
34373764363033623763356432303435653163306264656132386337306435356261353565653532
33623732643964326639366231366336346262383930383533373536623966343161323665323761
37653233653038646131363439623164316465373333383863376234653239393739323766333566
36383166326565623463386430646530636636363139363063303731363131613838376335666238
61633337616537336163633038623362323064656662643338663135666532666363356464326132
61623761303066393335356631326632336266313230626137323466306536326666363932616137
66336265323561393631623638376462663437383636376666633035366565626636313237653563
64326237373636323330383434353835353662376236303663636133343730323962333730376132
36366566343031356535376465333161316262613762653932666233373666663532363333393162
34363835323563303539373762363666366164663236643633316165663362356363616562356565
64356331653362363638376265343435386364613937366532326232323939643837346336656430
35373139343436613330626361623931376534363534666136353433366533633063303637366232
30653866663938336135323062353065373463316635653234313562396664333864646665373530
33383034653235313036313532363030316333626537663331613137316233366139313233356537
35323165383731333066336332663035636161613261623035666634313762353862373135353732
38323537363663613134343962633235373734663839636261643037616535396430623331376238
64386233323235333066356630386239363136346234383736396632326437666239353433393662
36623532343666306130336134326534323231386166373036353966333261633464613434626635
37343739626162313463303834346463663166623961363131303364373963323866376232613166
61636536396331373136626136616462373235636564386166306663313066323537373661363261
36323330336530643030306438646436626437393135326366386434383865666465366463333932
32613965623934326231643932333534666564666635323638643337316435366362366437323936
64663030306462666264366332663735626332353331663966613261373065373433303330366533
31376663303039653931666239323034616566653034653465636666323331323663636235363036
64366266333638626466303962663336666437663831373735656130363239663439376235343962
65613061373033386162313231383366313434613637626239633032346462376131366133336633
36316438636233653032303932623062363966633561363761316436633035336663653637643564
63326536346330626363663037346666626265373666663061306163323762323836303963643138
35613430653038656534653162663738313938333732643138633861373366343832663234383432
62303365316130353063653265306337383135343465366439326236303035333861636666626431
61396430343637613938653965373937636236373136326462343561336430363331356138353065
36633230316339663334666166316363326634303465643138613461303161353336363066353430
37356161646337633431356634636163636336346430313232393033326561656161336436616266
32653162326366663634346366306135636463343230623639656564613133383637373136653136
37336363623530306564656265646434633565386634306434616136646635373161353933616633
66643862333562313861323731383266323832386634653834313164336132383738653636396265
65396233336439366638336561656438313235363739653237333965616238613934316337386335
39623330633962626231623863643030646338666432343434396664623339396466393165656164
38356332336164353333333333303830383331623864353030666539303134383366613163356436
65346231356638393933666361346164306332623833383830333537666463663665646438666330
38356563333437353934353039373662386332313733346361666466363561343230633366303834
61663635373131633866376633633934323532333730366335353733313764653866343433313365
32616465316330396331623166633939336161376435396530373637626339303838366638646161
34653538366333393036366331343237663730336234313137633932373038306134366535393934
64353238356264326339386433366134383164383137386635386662626166373334393638363130
64363331363263363461613765626564306663306565633665376365656233636634366661333732
62666235643431373966663363383136383736396235656165313563306166646332343963616462
65333461626233383436343766343530373463376163333864646265353564346463336330616437
62303731616462303433383234363633333030396632666263373034653862306534373465363233
32333734343037313166623132353136353931353138313733633933373034376234393961353337
35643663313634313564353962633966353064633931313366623239633665663536646130666537
63666534616233333963623138623032306561336361343235303330633261653563333832373263
61353137376631623463656365656230363533346539646233643232653039643735363938343262
61663432613434653962336436666537313835353861343633363134613162343839346262663239
31643230666234656531646261303565643936343230616363616365613132636533623263663765
64383333323831303935306135323238643336336238656431653433353435343361633464326164
64643561383064393730326166663639656532376633376462643963613632343538336561336533
33643830663363323338353332643065363764393263376536656531346137343531353030376434
35616333643063373761326132613633356565383330373034313032356666363339666639303664
62396133353963306562623639646461323765303066663631343439363437343438333463626337
66643766323631393161663532353530393638346363656563623938333166396463363964373334
30353361343931396531353430646130653933663661373139653434303637663663393939376438
30333464616461313136373939373035383466333239303763656637646133383665336430373138
34356231643539313032386661626432663939313036346666393730643663613863376138623835
63313935616662663131656261616237613961373334383835663962653035363064643535393335
37643135306131623330393435313766353965633164616564386236333961643431646436613363
36353833386164343930613462323534366631623232383231383733646336383732643831336433
33616639623666306564393333393232313533313734323438373533366432663932643363303032
34303336646132373862343865353361653734386534303937323431346336396335363037363966
66373263363032646666363765643632376438656438346234376137316232666361626230303533
62383236663565333663383439393362303462663266663339373436613837643562373964653835
66663964343434343466393937643764386338633135323132393466633539353564626536663863
34643264393233666533646564643334636463646438316661376331376531336666623138326334
63623330613266373330313534643136306637653233616266616432623433363566666463333636
39306338616638663262383435643861613066656135373136636535373537303939373135656234
36643133333231356630383061383130656333656463663539396437333830616439663964653632
66366263623336396363373865393537323938313863386262626161626233356233643133323366
65616465303464346261613834363265323931616138363433313565303965326237656263613530
39643763636165663033646435323139353065613332623135643035353330643138393536336230
39323662353030653737666235323731393939313635356666326639373261613662313532636363
39393331396666396535613830663438386430326333633338626632646630386166353339633161
61626336346334316663623631366337353131336635666335303439303933636135643237396535
31363964663065313835313261643164653063663962303162343937636331383265666366316331
35653630306366363631386532646165316663313739386235653862386462343966373734316231
31663863663134616334376439346236333763326662643930326463646165346533666439306335
34393738633664393562366665383663316561353265666337613035383833616533643265616164
35316663623432363066356634616564326531663934306165623039366431653839313735626636
65636437666138363565643739356531383236383564616130333736643937646235343430323461
61356338333230613165326638343965653434383833336261303637363962316666373865636465
63306266396530663166316531663736323837616535326264306337613462343434623364343963
32633135323064353633356438636630653666396162386132353061306331353438346665316232
32313064656664373761316663313430656139383861303330393536653437303864346666343461
65626332623463333439353866333862336139646364396638323433623337646133653132393766
39373032626533323639643833336663376132353634356334386231323437313663363261636533
38383936636437316139313331393030323436393732333063343638383366633466623432333738
65623763663062646139353365333333393665313162643666633861613531613964623535393339
30636430333066653865386632386264613930643966636165633933626336346631613530316533
64356661623839353531613661666537323364333330653562363663366139653463663435323762
30643031616537643336626634643465376538323663323235613833663036613666363230643665
33616265623936393634353261346438356437313733643535643835656431333232613666356366
33663338333761353236363862653131383633653535626530303132313063633864616461613737
65623565313336663939613665383430346261333133373338336639653230626164613061333265
36626438396533303361396432646332663765376636623133346638663837363938316531323734
63363731646234336636656638393734616463383338646232343234346435656235373562626365
39313834633363363766383464366232393961643461346233376234336663633431303566303231
64663733643361353364666430303463303634343462653563376263393064616464616563396137
36343831656234396132633934356365323534623736333033323735633935363361333938383134
39353966313866373930303164643335626466393761303133303735346165363765623736336136
66336237383937303938396664613231386433336265663730356233343039323161383638626332
65626536396333366631316638383438626262303663656365613063323862623563386163313365
66386637393362386332316464616164626537346433366537656365373939383336326630353539
36316364613431613438363763656630666265623166633066666334613335356365346638663336
63616432343265383930363963636532373537336464396662313037623533613164303431393262
39373661313134306363643866626563633132366264336562393438346439376162663632363734
37633335626537626638666666643061356431313534613362383463353466396166323337663037
34663161643561326233363835316165623935333364333934303066363338323938313261633661
3339
