$ANSIBLE_VAULT;1.1;AES256
39383464653061313035306334643536323361356631623463663732393932303835633334623063
3266636130373838646636316538636136613830386436350a636463393635623566333932393063
38313466386334346363383636363966633361386638636233613761323030336165326238363936
6661303237396266390a343038366464373831363936316665376432653539616634626635323038
31346235653432646535616238656536366466626236363561363434303961383739393134346365
66393364396466316563333434386433386432373035643236303831633435626236313439303463
38333832643065333161343630336662663837643562646136656265643065313735633130343538
65303231623930346631626132656130616334373330373139646333346639396133623739326130
35383037666338343962356663363262656533613430633761303734373133616336613762393737
39613337633531643636363231313533373839623835643235666331613130653936343661313065
31636133373437626234626662643164366338636530646630303539633937383635613437303638
61333136373062303038356563343533336431313137643163366334356662663334386665656234
61653461393433353132663333343232313966616337316433346261613265633435643739643031
63646365323039336238323734393337663466633534336261386265353435386139336537373231
38373464303337313037613063656166386365656335646162363530653736336637323937333936
34373237643262363066323937613839373763363336636362663833393365643834383534313065
32346339636535313430333631336635313938333964616466393963356330656165666134373636
37623663383332346530646562626566316333633539386437623939303665313139396132616362
34633461663564336162633832366634383961656662376264616362366166343562623761363762
32653866363732366135353833396236353333333336323832353162383336346338333062353131
33326236343638326534363834646139663238666363353634373838613238626435623861646466
34656236373666386162663062616263386261316630653331363534643566613765373535346132
36313433346433353465303663356664313061653566383765396138313666336433633730366134
66336463663265623963653664626361616163653966366638626436316364343163366538313564
39333539346135303737316238653639393335333965323235353230636332633730366538396237
64363633623632326536643361333939336661363035653831613739306135663331623962616233
37656535666233646534663335623230336135343033376335333564656132316235626137343633
32653033356635653535666461343336383332393537323134666465666134353664333966373165
31343337313838356362366535646261646161356166663138383634363165396635313665653530
39386561306365646362393739613935333432393832316534323339666431336565373631383732
32666364633434663632363938346230616637653166613830653135623834646365326362396535
66336564343033336538633332313138323065666133373838626162366437303761373630333335
35323930313034666537643836656234363732636338653132616439663537353766373636646230
63626264383266333661356632326232623764386132613437366438653834353263353539613339
61313139633666356266343865626433316533623664353332653433383464626331333739356666
30313031633739376635663565393263376537356234643363336661306139663061666338393866
32376366303164396438386361616230326566343731303830663530313265356338643666316537
35633237333936626234346631633663366163363066653462333331323262376262306639666532
63316635323265323431363137346437333965376161383761663566663838636431313936343862
32383339333932303366303233303062663264376265376334373863666439323966353439356539
34353935323832356238333136383838646465643165646264396431316465326565613966313934
36343431383264636430623466623739376466613437383063616333396237306331636563396434
38396264653132626533373031636165666461313230373465643335313034353864653262656339
63396465633139323536643439613738663136386338663664656531333631323233303135353031
38363330366435363364333039373933663232303861393633376163663636326662323030333631
31316561356432656261343932613630376465613038303433666538653232346439373464303839
30386435323331386637666362356432363865363734323966393634333661353636663137313232
62363133663239656231386438336462616362346233316237646531653265663933366632353065
63323061303439323639633433366664643661616231663764353334643363363066646236646464
66316333376631643539643263643466306464633536633436346366343661333235626261363536
37366666343937333061356130343330613766373637336366613866393338613536646632356266
30663334666337313762343832303262346666363665643061393833653232383635623533663431
64366562643663333265613630633566356230353265613937636563393763323563633137353533
63353565363465373866643362313434383134363232356338613036336163633836373333623433
33666239643662303833633062646331636230393631616563343730373236636461663834353264
63383136303630343262623063303061386635376430623636313366356361303765663865383566
61333836353766393734363833313264313531343239643034666438656563626439336463303439
33666239353365363132393437666339666531656466663430323138346462633930363733666566
32363938353338636162323735623037303331623366633365396136663131396234323337646236
32306137323365653739613261313561353662626662376235383165333239333464653531316566
33373738616463653061653234646531396261653861373637376364373839643536656332353663
38346163613363376266353939346239613865636336663965313833623965613934663036663933
32326438353562616432353330333763323331643737393139383935613835326364386139326636
37366137366363326336353663616239366336633233383638373431373731613636363132303166
37373032646665336139623936363062643663616338636234333061643539343038633037313232
32623037643265346264636134636236383532613665343232333738636432366463623230326136
66663864393533626162346137386632313762336133343366613363613438356132333363633431
39303236333131303163636166663834313865643233663065356234633531636564663062353339
33316639343634613433623332366435383632386636373661663734353863653931336134363036
31396139366234333361386663353364613131303464363334646438646137326130653136313136
31303965323963353139656438366234306538343163306132303631616632383866333238623763
65613334376330356263633238343161643761333330323839343932396632666434623534616138
64626664323437656439316562613766383534663931303533376238346139653637353637366162
34363938366333643338376137656630363365313435653037633331656530396564663538376562
30313839656665623931646236306135633837383262623362656564366166643934376533303336
35383937306563363331616639663062333933323938343964353735393862613262306163393563
37316239666633656239363962613833303762393963316233616431653637323836323132393065
61343832303530616238306234356230376239646565346334303962313334386565343630303361
30376337653630636138653237303639643737633439393139353535343862656234356537393835
62633133383861653165373932346631313231376632306638653165343631616131316439636435
66353732326566633431663863343433383165393933363365323266356637663830646664323763
64633530613166636364306339396661656361373431366431653866613630666332363261303066
31303031386237633561623432666264656164376633626333336231363263353865373239303262
34313230306330653933343738336237633763376664626535636464626461666234323965616434
37306334373464623465356661616437616631373363656137366138643730643735303436616632
34643235313534343535343533333163653235316566396230306161393664623563623632626432
35666634646437656237613331303730383562636530326434336165323262663737376566323961
66623962383134613538663139623463376432613238323962623461303937623965393834313462
66326465313066333634653631373133643439366134333330343534313464666539393933333234
63663534336433633263613766363262376466666438316136356465326331393830613530636138
38373366646662623666343630376161393763613765343966376362613965333861653533616438
61373438353436363864343234643937643263356236633533356531643436303939396230633763
39363364646438383733353365313839373761653762383038306364306265333837663863666365
65663634653064656437323137643565383534346130313862623838663161636166396631313832
39383262656561313637346562343239313638393339613237616232396635313262383166653831
38633230323464633064373236663666346431363837333766336234326135626162333865613161
36383839316131613965663262343162333839353331333239333865626237333737363766386362
32303537373862366338626139346338313130386430613763316435316239306564363966376665
62653663613036616362363762363665363734303861303133616634626132316535343462303962
32396639376239633863653136636362646332366237646164636261613736373564333763633533
61336631346338363363636136653533633565386662633835663136393937353764383861653631
33396538313965653262643632366464313862303563376532393536373965633663373335376462
33323339303534643838376534343836386161353238343037383962336466383235653836386539
37346635623938363531656236363139306231383766663537386565333833623332316264383465
63353061613235643763316131633764616334313830663565316438616461653763653533323963
31366132626166663735326365653231383534383662306532336331613437613963663035613366
30656338386465613766623331396665366566663032353565353137333331306665633034373137
31326566383961336663326133383363623066626563363037623739636439303135353661643966
34643161656363333636356538383734346165373237613634653563346635346364326336336334
33323238383530653231653466393666363437346463363065353761376131313432366638363430
66633035623833633231356639613266363131343631363663633862363630366134643138623030
62623466623263393333366162323339363663656265343034353732333532616533643030393231
38323266613130356666343865623535363032666564363138323734643463313730653431376436
35306538646164326236623135343530353331393932303161623039663662656462643161306461
65366261623636336665363962623735633138383334323932623563653430303734323835303662
30326339383739313562636536396261626433653438343833663135386335326361663066393266
34643864633431356633323930653462393532373936663330366262653063656563366536343332
62643164666633663666353733643634383561353066366134306430356238623763393635393663
64326434373466653431333566623237366365396338333664393765666164333262353866363135
36353066363539396235396136303536343561656230323333376433616263633961393765373835
35383134343663656564336637656534336563326363383365396332303065646630613933363339
39653561616432393537306638663731376538656263363937396435636139306337333534616439
30633632383734653766386236306438643263383665613937646334393138303539636232363230
66663436363432346335373231653061623630626266626364306437313065316137373337363862
61633633323632333430316666613634653631316536393862316532376638626238656562636536
34616562313435656561343633626265636566656436643263333331353436636338303738346132
62666130306333646438353030396135393966316134383536343062623334396266613036303430
61336261613530313861353533646335643262373861646438336363306362636463366163383665
33336638633462613135343635316636656164356562343839313565353132633634623532303366
34653839633531376232623634346338626531313134613739313537313163363265313936393235
63633136373137643966646161316262626562653230363436616466343264366136633165363261
62633463633262393738376166333865636330316535633430643364323530326131373064323466
31316439343234646136626634383061623035373835366331363230373463383937653162323830
32623263356633666463323363656230343235336635366639626464633537643135636137666266
63636230383035386166353838393632373730623335313335643466373161636530656433373734
38623837383339373461633132346238333333323965356337666163613532393663333862313861
31326138656236616437326262646464646466313036613239333933353931396465363636363536
38613666376239646565613562306630323963653130326238656531643766333330623062643234
66356363646265383132663831616132393035626236376632303363323063643733373563653263
31343435393336623065343238653363633338626464366364343963633539383137326630383332
36393439643065663361623933656137336662336136626138373130383838353763313139316362
62303139633461656333376561666131633230373661343436643139623733376263396338646461
32306664346433313531646462363138396439373032396234623639303539643431616536356261
32373961623634303962373035316134663062336136393531633461306330343863353130336365
65303065616434376430363038393235633361313939633730326164646435346339626132303431
31636239376465393036383439633633313865313430626365333638303237343939373136623666
61373034336366346262643763666336303537313463663562626164616433653733643033316634
38633764646464343631393661346564643165363934303662376333666465303139353635306134
38656564613034626362616361663837623436383737356230326437613236326264353631383863
66623362313739313462363439656631333135363533623837633530663032303639346336343430
66303063646632393463353265383665313961303131653339323532633139613630316637643534
66353866663261623332363533306463623539623262653066633730306233333061336535383335
30313563316534393861333938663438333331343166653563343132366165353633353039653635
65626430346637336232373734333262633166636664363439336235346663366332396465646336
35343236346133656165386136666438623661333331646662633564646633353032643361333136
39376236313439353839373065363466613464653537313963623266623364353337363735383331
64656165643366633031373133616639626333303663343634353461353237353966643138653034
34353638626135323538386266336466653030613933386165396534663036323361343337623736
36366163353566616466636465663638393963393765663964333037656538373334373062653833
64306532666335336135613430336632346239303737326234663832643863643030393561646366
34656135623765386162656133636339306132393935643936363834346566626633356332336262
63393263643238636631343131613132353962363963313433353031363039353861343734343837
38656666666532636435353064393930376163656231646637316633346234626565396664336266
64333834356634326561363439623466393261356166396636663764333039306438636137353034
32663239373065633865383634393839363831653738663531383031316136613137653131653466
39326635633336623836393565303966346266303039323665363464666136326166666531303238
66663266313462646534386630323266393233333136376536353763343338643332363033643930
62623166383033396134303964646634303031623837393431326130353033663236366238376336
37386130643765333031636265396163386531343738633533636564356634336530366232346336
65633931393562373630383231663264666563396162633930393265313064393266636335323337
34313938376634363933386430646230333062363866646665636166303462323037366666646436
63633037306636326361623064666330333265626461666164313632306366393832636634313037
37616435343531363132633938663266306666393463643531626638323964353839646265346265
39346138386463313333383934646666353737633565366232366538336430376134663363373238
36643263376231323533353465623062346431323637376563333237383062613933303265643238
35636536633533313033666232656437653935663763643337373933623331396266633732643263
30653332393333396565613830623064343337326462336639333431313266636234343433313930
38656436653632323630303138376165306665653661326239306466376165363130326631313633
39373662623936323461363738656335306530626139323736343736393038383438323137313362
39326666626333343136623335633230323461643666643138626439306238346562346330313362
38633363616565363637356133653863356331373865383066336537653533343234643764623463
64306164353366383838303332633739666265656264306433313331343830623464653662633437
30353463363436663965303166666537646438393262633131363139396464643431616430313436
30383432396261373033386334333932353033626561613636393530316238363737396664363830
37356435303465303439656230633735666234326633316264613865623635333162646337366235
65663965326661643663386664616131363532346539383863653765656138633337646362363238
31393133613566393137616338663532643765373834626132353539366262646439626430653633
66633165323562353464656134346535653761646132336233373132353639323666623239383561
36633566626639636432386634303363663062643633393437376436656437333064353263653964
34383561373839333063386665636433613936303633643237363161653866343061623963383431
63656163313161633134653239643831363930356464316365396362666537616365353161313430
38316535656136623436333362643466616461383665633662366435653136633734343931646661
30313363653566373139313335663639623738633737313164666462623437613839323835373735
30303433663261383865316631646134303630383530626633366637653732323466346330636165
63626563363937646238646139653536383336303530386362346234663735633361356237336334
38646139646265303037353534636539396562333637373963646461333934643739653834393538
61366165343433643166343336393066386465303832323336646162356131306264303933366632
65393064376134653663356134616663336235303235333565393538646361303065643362626534
62393034666561643734313834373631613339383931396564643664396432343865623330383336
63333663396333386139346530626565343532323162306266343437636335643134643236313065
65396130646565346465613761343966323462346632383337613334613836383030643564613365
32323061313961306538373737643932383763333963623662663766333734386263626461353532
30383132336131363636346534323434626635626235343536356266393462653336663930636438
30363832303766646331656534333062373033313235663665663738616135646333646238666562
33643263396436383662633536623632663065326139376535653937363130383439383130633832
31653939633263353264373362613636396563663630323533366337383439363063623863363737
32653864333333303839343834656664323630643034363331633161366464393731333633646266
35306434363639666365393365356239346234393465366464653366663439323134303463326131
62616265613066303235316331666539636134353932373239313933363233616663636437313234
37393066396236616439386464323930636538663661633561663065383466343265393133363436
33353834663439303464313930346363623539336631386264366166303561316530376166396437
33636136616538393031393630383039393737653361316266633062323231383335363038363833
63393130376462316665343336346264383738383365653635393066393539336336383931376435
34353630626533303237373038346566653164303637643236386430393130303661613461636231
62343565333332323435656438356663363463656366626335353431376136373635393166333063
30343762393538313265636238376433316131613532383439656539643363363235386635353261
36646231316465616136636362633765383739323963313565306130326563663039666532326539
39323232343534393465323965306562396537336230643137316333386132396233623432356565
39353934343261373864396431616531633033353462333665636562653739383632336131333261
33376665353031646130323230386162646531393434396537653633333938306231323433373338
35313931396631616263363266373562376639373136326638633032323466333738306336633130
36393837636362636531336436373536313834396562343231313232623236616362336136643331
35393265353832656630653931336136346333616264633763363838326633646565353437653135
61313565653938333036313836613534366336386163313334626138303932333532636565336538
32333564393038356365396436373835646433636537376335663331333732393038663432303761
35313565656134373166613239336565373536373465353431396431393764336434323031626235
31333935623165653930383939363661353465643763643963306234663032613836626130613031
64656131623865663235656662353238656130333535396662323232636638306662633239373531
63363366613761333165613238636232343265666531323836396536323566343532356530633834
61343466323661366638386535643138323865356332376239353865363531326338336334306337
38646130323438383330366636386539316265393835326333653266303537353132363864386231
30306464363333323631306436663937663338653066323734346561613762633937316562306130
61303761663964663932623437303936396366333161306166356538663933356639353030363964
39386337386630626661623035373537366664383332343430363531323062393339343261396163
33623139613936656661343534623236323264343635386461363630383930623861663833663537
37373836623531646233343831333239626363613463633930653635663337353331653730313839
65393564323335333262353436653036313638363263393863383733636164363831643533396537
66303533653231636565663137646639336165343436306564343637363139623534343835396466
63356232356561666231303162313633646363396438333264336438336339336437366361623564
65633933343930373661306333326530313962653461353739306661636266383637666164343932
63386135323037306565336435303437646238636561336530313230356238363366383035303634
38303533346531306132626134303638326430383834346365393133646363336361316134643331
39363865323266623936656633306261636132383832373962363434323062333333626361393138
62383464366137373633643839643763636362623834323763656663356336633931663730306265
38373030383961313162626464646533656335366236363330656366663837353233326336336230
62376633646139663732636333373238633935333033363834346638636563346435313063353530
63356264613438316534333261373731326234326636373033363737363331663733383366633762
63356330326338636333643938353335633433303032613362313033346233323235353331613164
62386632646131363032353636393830353134633838353537626666323034376330623436373736
31343130633861633237353633333732363561623166366331363836383333636138353837353561
39333066333831386565303133373936343035373631653461393030393135646235613237306363
66353639633666366630623762646335373564623133363338386431663731366336646132303731
31633864616564616634653238323038376337303762313738653030306563643265343936623863
66623237306132316364333264393031333539353966303163643536643864363731633031633937
36306432376164333635313138633535336365383063353530653666363434333634303738336165
63396362336531343236623736346464393335343536393730333434363533626266333431356665
36373663663231646232626633313761333766623865326536346562623836626239363634663436
33656564383730306637306363316362303963633732303932623434376535613234306237633338
33303862383263633863623437386666373234316438336531613132353734666531633865383839
34383363656437656662646266313734613136663135646463396663386433386435613134356366
64356336646330376336653632333337643237323438653961643866346633303133316561356565
61363632323832323735323931363461366130383164353865323132653430376335313934333930
39373230653762386465396663643762373132616139326136303563346262346337333833326438
61383361383034393265666636663661323132663931336534366332393933346230383237656139
37656234366533633463636663333835646235313362623063636630363661343434356264363239
30303835366333653531393936363866616237376638356235363134376435616261393638643238
31383535323732363533363238326262333936626261663430366333336537643536646438373362
62623462303261666434313663353237376537343837643338343266666138653231356363343564
66386164366138376335373739363430636336306362643038393030323066373738663438393130
32666164383562656464316262633634626334363064303063633864366433353064306533643533
39666533303337393236613861383364636365323938396236653239376532653161336132633963
30633163326638313930663764346264313361313366613837303633613664353531343038663161
61343463323861623863396563633235343439343338666332376338633038393130653239623765
66376430326233356239386430653337386164373531656363383261646262616464636638303732
61306135623562623830663234343464306234316634616335343061366666666434343662353033
32396664323235376663373830326131303638616236353838393630633035313462643337393437
31333531663762343364373730656665636465353461656139613865306634653564373230653865
63616637343035323831383730626535313631373131616337636663396336303766326366383163
34633265316165616137653465373466306466643634636436636632393630303562623766313433
39316565383462636334336231663530656231303235653337663265653835326436653564376466
33326434366231376461343530353038373163313830323263616133353739366630323731656432
33356361643830316139396138623238656439343535656232326661386466376630356339616465
33646337646463616236626539663866306564303735383238653635303865663761633334363731
62386433646565363132626461316431643036613333653565383130636232653664383163613336
63316231353265333231353265656635643137343461373539653136613061653932393634343634
64376136643333313833363834356536326231643361316366366465623137366632333136353766
66613361376462633838343736626431376430316265306631353562316536623337633836653634
61353037383037656430326336353835356339613238366262633464396563346661633361356537
38386137396364393130373531633364633535303733393838306562633733616263626265396365
65613566663035633866626135613563373664386466643564613832363161393833393830663035
61376536313039643939356137393331386231316431653430636634623235373938633336363032
34396532353933356562336161363432363563643436366333323631343665623764643034666366
39353665613065303465373131336635323036613930363165363536613136366637643337666338
36363336313165613962386363343862303939636539666532383362376562366133363132396138
63643438626463326539336434396163656139323964343137373864383264373130376266396635
37623562646539356436396163633134653638366136313564643031633931393165333966353964
39313033383238343561373036623139616433313766313263633632356663383563643262656566
63616230623030623466633533653137386532666533353431643065653164323837356136333865
63636362396266336137623134373436353236653435383234616433393564366565636635646239
37363636306633393036666133356566663333376439336334386130356633653338346430623663
63393930363261613631613436396134376335646333633465616161323162306330656230353334
30343435656462636530633637316337656562383431323165366633653439653062376539626162
35313239396137316338626461396335643438373236643562643664663735396561636436363339
64626363613135626661373539633765653331656361373265623361356165343333323033346132
34366338613230336537663266643131653733343538383363653763383536636539303530383635
33663432326138653334333263633235663233336362323463343236343065336366306237626464
39313037356136363566636666306437393837343139366136373666383938386336303666646661
36643335386632343231323236386336653537616335383336623339346163376264386331356332
39613362313230316630616536383962383837613965396666363630643437353037643031636461
63376262663039396536386166313963643639626563666335323032373638396565303062376531
37363034343734396434333337386165373063353538613936653566376339326633653164656333
32613034353434386465346439393461366437323965656664653832356539356332613939653661
35306362363830653637316561656365333563626465653664386232346463303735323432643237
39333238653737646339393438373533306662386637363239623731343939646231373936343533
37376466306166626439613833623638373166633561356132393334653563376533303962383132
62396632323234363938343463333962333236356531323964633335656331653933353161643866
32656636313931393931363732356338336561393035396437373966613738643935373637616463
34613262616632303233653661326534633663396332326463643332663161343339383036666436
61366438633864393761616439343738353664353564366631666662653330653938356231306464
32336435623164383331306533613133353364346633316432343432623535356232383037353436
61356633363130623938643261633763656565323561633539616433316364386232663862363036
33326131633430336631326265383330303532363666613265393863356232316431376335656635
37633439613331353639646635343235616164323835386166343863303934626134646565656333
64623966646531303066343234373961636431383637303866366132636666386130323235363036
62393365323434353964356631396435333233333935633734633339393837373261373464643166
65303261363765396263616237366134386139623162353766366661313737663862643436353439
32306239653034373763393064613733336430303635653231383265323236663032643664356132
63363263373434613734356438346131633233353666343933383730303461356433633137613532
30343266616264336162336330333131663031346239613038623161356663376138653332333361
30643863353936333266346634663664636562636261353832383639656635666334393838343137
65653262343139646531633563396464373331363035373032343366373833666561623830303330
34666631343266633365393262376166396236343830653230616261663031643437616265616264
33396166306434363038326562313066356361356561363564313662353433356132306265303134
65313965336235346538353466323432306432613736646439616565393837313038633831393434
66343262323638396662653132656633376265393666633132626431646334633536303364326235
35376566393330666336376663323839653665346666616133353830346439633866353037376630
31386638633633336332353164373765643563393839393963656634643339323536333533633362
66383939666531383630623834623839396263623331353366653263636266613463363434376161
62366366343862346434303031306336303931356232333630626636663334373066316235653066
37356362396433613038616664393432616331623231626239643238373463343732333662643839
62346635616361313536346130306462323465383264663764313637366439616335386565323636
30626537303938393464383339633066336531663433373937623265313932666666376531383261
32653763623030343132393435656133363030633732623966306536356331316338383231653834
63323730353730343532643731336334626532643538623464356333636538323432303538666339
30396636336637616162623139343336623236393261373163653638333064633037666266656431
37623438333163653736393766323034623834396334313631313433636630653264373864313630
30323537666565376435366134303166633065316361346364396637313135313164633766306137
65643532653435633533323530396139313061636564333237363737346635666136313739663133
38373564353966383933323037343839666434633263393932366231323839346239336530646638
39623930323166616661316338363462346336633935656538366465353762343830636262613039
65653439643132363461663234343932313339326265306234363432333736393763613737616339
65333539646238373333353462633331633934393666663566316433663337323865393734343763
31333635636637306233393539633564376436646433386265656537383634616531366231306334
36303662643832393164633535333931333766363764313765636661626535616631306136613436
36323830383232333132633130366464653436646163333564393964393938333937396237373738
36366663323830306637316232396161623462643761653037653537353264613233303336336262
61383566303862633364386137306666363062356337623430376335636338613062663031366239
39303962613730353265636533633466373562383261383332373332663137323666626564326638
31393330313139666532663565373866636330333631323937323363643332663265633362313664
32303864313837633638316430386438663765633438336164623164356264663735303164316536
62333534373231646264383861373233373237313366323130376664363834356466376131633036
34666139303731633132626236326333626136656435333938303661653939383966653631373565
38356436323361343832633636353964303930636539663031326330353165376130373437393838
65663136623564356330373836613735383034353033303635663038383266386130613765643135
39303361653461316436313864313731613365353066643836663861363436303363393431666431
35643632356331303938333638346337346634376263326566666465383032646335313366393637
64656236623165346135366631353063656538633533353439326364323166623966633066666138
33336166623438616533393131623334666237313236643966313231393030626264303563633664
36306265313138343564313438333933653336613666393261363531326634636531663161396630
65326366653035333138333265643961343362666330333064363366633566626164633732653238
62323963663864396561643432623038656163393936663539323561313566643630353666373666
31626630613232613131646634656539353035636135346635333861636335623436363036393831
37343463646165363835656231366361633631633334383164623333326134383531616138623664
66313038643166373438393132656263623635333435663031613836633865333165663235313066
37303363333637633136313465343931316463303632343031393162643735333434376661363235
34313136656130393863333665613137363637396432616165663931396536636134333937636364
37613134323234646666323861376433383534356539363639623864623438366230633138333930
36646434306561623161666431373832623537646237353761346237346564356439613763646338
31303537616365303635663833643836623664396538393632356664353937386233633063613933
61666332303065363934353430656536316631316539323436633762323837313933333737623166
39366265613733353330313531633838333836633335356265623536303132333136356537643663
38623634383439646539366530363331636166323631326335653532316565363133313936383639
32313234656463326537616331393034356461346161666635366265373831623633653134356433
37616562366538656431363962373732323537353631646632383862353934316262613538396162
38316337336162633332353634646264366539386135326530613834633763656332633662383434
35333739363438353535623134373030623632386236313139346332363639373030633863663638
63366334646162313764333062646134313438623133393437373565343735383263356639363331
35643166623064663830383561313837366637343734646362643938376538393831383737643865
30356634666435386135646137306435396233663235326166613434363866646131633935393735
31666463383738383935306139633362333031373061333235346235386433393461623466356161
38343836303063663261333766376432396462323865346562366234626639306632353238616139
66313962323362396166326433383033373739353465333065373738343962383335633032333666
39346633386633366238386539376462323838356339313532316331323564396433336664383737
63323031366336383262373731323637393237333338306664613033396333613335386534303966
35303334636335383238396663313132646266373339623235646662633634303464336238633738
65636333333361616165316630666135393437323364303535633434633063633732353035623430
30356433373438323638616362303234653334626663343764616630616637336637626335353964
32363436363730323033646535383737363839623135633166633330346332396530616336656665
62663533326165336135633336656663333238666134623365343130643033626231366363346439
65393932353532636331353333616339383064333932303537376166356531316330616435653435
62376462393963336435666531313734623730376464656435323334613564343865613933313834
64663534653233353232613530653166306230613630333938633335616464646634626338376536
61303062613664633732323334326365386638346361373464353534623234633834366563343132
34643563353337343263656263333062353963383962313063383662363061633937633330316436
30663938306261363531326265346332323936313534373064323233656438623035323563666362
66383239396335303766353739306465633935653039613063393830636165656538356435643832
38303238323737323032326137376633303163326135373338316334366165386532613565386131
65336634613962376334333066653566316333383632343961613330373364303662383164623965
63386362393932653333643662346231376365643830376365613166613665376261383363633334
63323032373034376230353865393532323630363565393633333834356164356437633732313134
35393238313036373430346662303639383662383539323237326262646331353739316164353635
62613664613161393861356561373738383832656332363961303030633566623766346132663730
35306132303139666433353834646666663735613663316136323333663035366238373161653237
37633062313364373031363662353033386537383061303234363061636631306363356563643936
32613162313235316562653466613865386132663966386339303665373863633030653461386166
35653163663932326637336235363266373737626338323332303366343465346665613037393836
64623634616530653264666666316632366132616539393562306364306133656530663466336139
66323464363937393933353134396566336464333964643632303364313766326264303233303835
34313562643431366538653337633038366432656163323866333136376535356261303531323334
36663934646366396635346232643465623433653466626564663763303061363437636336396563
30366132303032636133333666323662633164383664393331306264626535363433633966373164
64333830633433386134323062656166303332376162313032303238323532373135653465623939
65363630376235633437616137376462633233333339613930613964623132626632306564303638
38633433646134376539636238636434353163356163303732373336626666326164313132663935
37366462643865383731356463613636303035633830383132626136636261656235633737373664
61653432346439336435383932643338313461376532373163343432643531313136613265633930
34383036613037376562666333633434613762643038663165323834396662656130613437326361
39613932326565336633306165666431373661373938363365356630313932643738356539313335
36373839666362623430333761663738356230343036643936363166393735356531613536343933
34373831653865316637633761336237313139383932363833366464313165346163363035306162
31333232613933333731626333663466363337623434313466646234623133336137316466336439
36316165613636373733656438366365393134306136663962663535346438346366663463616634
38373062333732643835646639663062353464633035356364656132383839326436626139626461
30366461356365663762626433653832636366306665393866323533356336333935323262633633
66366663646464336162656430303934666431613962613062633630383038383733336538373135
38623834393333313931396130346335623465663864366564333131656233313638663238336531
35323938333562353630656333306131383266636161626537666533633838386565643162393733
33613936313266666335303762646431316663346431626665323132663635633735633938636533
34376336353264626562393661333931643231383532313034663939663765363437363738323334
65316236643265656135303639613839396562366638336534316432633634646164653833613263
62643461646239303938396336626136383532623038623863346537386335626234666234323161
62663964396133393962656331326261623837383831643964336365616465666538343663616430
63623065346661383534316133656134326536623234303963313261613164653866383464336135
66623166323366623739633033393436643864396364623530653033616332363335386166336633
33316165316136313965343565613734313466346337396633353138643664356363363564363638
66303938663235623763383362333465303065653864356665623666633239626532373736313637
34636639653736373231353438333436353064373139396463393761633435653931313531386263
37633763316265353734363930616437363763663533343266386364633134383238386366623461
33353239386263623865333365333733323665316162663933323861303563626631393264313036
38343233646437333636623035373666653164366430646330396361306234366238633331323464
36336134393535613332366264653635376334326338323532636366653361346230323435656635
38306532353635613161653765623164313639363165663166326336333063393862323134636138
64643130393932303339363563313837373833383631613766396437303062656166643962346135
39356637656538313263613232646266393635303435313239643135316130616664373038356237
31333439303638653533356563656231303864386339396534353035636134666265616533666163
34313636346338386136363066656631356236356130363231616539313464383062383836383162
37663232306332633831306437363235323763623937666564326139333066663565363138663366
61343965643434626563613631663362626439616437613337393364383861306562626131356164
66653037633866393661633363353536326533353937326337636134656336613332656531306438
65396130643162656138383438326461396435663462306561316633386364313464376639616166
37663161613238376330376533326436326337383765343738623734666465313065333138393563
63326535356263393339336530306634303039613362313130393266333337333234343266346133
33306464356637313937346234323165366339376462343938626238316139333433633362356365
39663138353966663436386334363262383035333834396335656165393134343338636261343263
32343761336138636433393933383861623638363564653630363163343436363638316663646138
37323064313031343437666362626261393065643864303263636631346234353037373266333832
63383165326336353433336531663837323735336134346164643634633839663463393266666364
35333632356362353866366537393766376162363737383563336337306464653939376130666530
30326639623333616139663731343732363735383061336132353961653665653665656231613665
38653564613933363464396636366239346134353830366461353233346232363964643063306331
62346566356639346135316363383666363130396264653961666135366462373437373465653466
33326561373437663361633163343234313165633032303061363962613838643935623239666435
36386366313163653138353663363933376438636530353535326537336364343963613133386338
65373764323665666164373063316237333537633638333032666162616663366533356236306238
64346630373639396537643761383136633032613134626338623730663230373162303765353838
32393439313431373735633461633938353432633965373365636234333064303835333936363334
33323164623535623762663064653036366233353938303734303366656339323739343866616536
37336130393732663231626362396265333031333138643133643530626439613861653836353135
33646631663730623135613163653338396138333030363063393134373430313362366532633866
39616333653832336336633635383131663530643361623363636131393738323830626466646239
35316362303265643835666135373331383663663433343664353036353466336630623732623839
35653834336536386163373262383537316363353032376163656262376639383064633263623163
35363362646232373230613765643761633535353237653434336632393032353833363164656238
33356463646462316637663361326139343764666561336437626666323936306332623130393561
39613231303135333031323232643761616338393263616433383764303865613466646163656432
39623333656630653031366235376239643564313062303366643064666536313464303762623265
36623063646334643035343337386132323838613532383830613165666433313537623165316231
36316339386265326231346461386463663861666330623630643937383532316462636433656535
30303265613764626461346566373433623061343863336133313231666364393063613231663033
36656365316230303035616334336236326363356334373861353036343135373162653832343266
31323461366533646430396461343334356361656639383565666165613734356462646665626263
38336532636362393766326630393536633835336232313231613238616664643935636138336464
33616163356537613931646361663235343331383732373338313031373735633330353466653631
32653337306631316337316431616164353861313231313138383265306235393765636464386561
65636331353936656238613237336434626266623365653235633331646133666633303931353937
39323835313738356161303436656364626239376564623732396137316236383633316630363237
38623431346434386565303364316365373231623531303638623834343732643031656564373864
65396133303566666639373565353130353363663435313031306463623335353934333234373763
64313633396661623139653938666135663236333034633930663137333962333030643131356233
65373761373439623261333863343234313930323032626537623239616138303263376633363261
61653436373031623035656638336334363162646437386163383965623737316434663238626165
35616466356635336233353162316532663238663962623937393734366530363939363161663431
34633436386331353665663639633432303466316561663131623637633165323634356332343836
38326338363435643734363766356665306461326233383437616632656261366231363464613266
62623236646530663065666662363066623036313735366330383636613330626337383765636436
61323636623138383630383562306137633964656235623233313434626564333439643065396664
66613938396138626135613031663438393938363339623536363635636335393961623531663834
66373836306337663664633832616265386161356531623032326436643664323731303863366534
33383461336639666665313765393564353836626561376262373731313033386661376131316430
63386561383339383538313935396634663735396331363962343766656236633764616632306366
63303337353232663932343062323663633436616663313861613831343532636132613863326337
61343866623266623965376665326335363961323030336663386466636531383635353665656561
66663834616431376431373233663336363130396162366534363939326431353138303335353462
33303063323563326133343835663666626531633634343133626638663135626439343163626261
62656161636637323037306539396563343439383863323562343139666631366638613063396334
36333436353436383562643063323565313361376538643462306436343635623438303334336466
39613332383336356432346565343765636438636463656630636537663861393265616637666365
30623637303634353362393337306565313333316532666439343738653861633434366133636566
36613936313538623135343865623230613230383165653534643961326131366661373133343037
63343837366336323234323665373831626436653133393763343264363365303739663463383739
33336435663534396331376435653731373462643166393035313331366161633962666439353230
32643964356130633539396432346431313336333632376263303038323138303061616235636232
62363433396465326636653533613164303064316238366636666231383831396130343564376662
61306439623230366263633732613262393766313537316637373832633236643038626461633433
64646531663563393636366639616238666334393265613530303233333766616463346137393839
37323837323432313536666631323034323731383638623666373834613433343937653762323666
31656265656565353537613437356433376435316437303233386234626333396562383261343564
62386532373631383864393636373530346566383666663133633937613565633831613338643231
30303538666164393063326262313733663337656562316336393934323166306164303831383238
37613966313835336238373666663362666165373666373166636366303635616466393239323535
32663535643761333436623665326431613134613337303665633637313438626235666537643735
34653464383262353538373037313836393430613063376139386233353439306330613964343235
31363932393662343666663837383536623136626464396635316335623437303435623839616435
37633830346130656136323531373239393265356138313231303061626437353336613435313762
38313830653835366632633361633631623933303165323439373166393437623935653434656663
66623361356236333438313263366432653461373136383531613465623336353662333063663239
30616430343738633063643261323861356161326536366436613735643831386636373934356366
33623035616564303566333332363933326431643763386233356534653666326638393131663032
61613262336134393664373930633731616239643134663434623031343231346632653532396262
61663866623333663139376130313362356330383639616338353836653965316466363964316336
32323262353861303864366531633366366433653538346438346534626462666239366132613764
61396165383566613138643336396337633735663438636265613334313931353662373331333930
37653836666461663961653262393762376432346332346131363163646563643963613161633365
34346364623662393363306566366130343032353332633331626130656463633938336230363764
62646365643061613032346537386338366463643335656532613364383739383934666661663631
64333638396232633738306132393231616163383335356432393835303730623164666139383161
39386465366131306131373834373436393563336538333165643765396639343334626438356534
30353433383439643131393134626665306332663666326536386436623161633232613166653162
64343432653234336536383963373231626637343964336365633734343736653634366566306265
32303262616233643137303034666365316531303837653938663839306135653264393134363961
62393734336361353437373463323138386662366564653737653135613436353038623366663838
62383430383366333230316366636564366334376636623839646466653033633139636664643634
34303264336331346561353562386338396338363334396265356439663230303833373364363938
32336533313165393837393566366264343931336139373063336239363266663937666437313338
32333336613364313831313263616666343038333366393630653738306432363233353736613865
61396432383639363361633165323435363032623138643736343034313937333636303536313633
32613532623137383032393439303165306565336461333537356361313934303764613365393835
30356665643631326533666631656466623836363438636431636166626561346239306432656166
39373262396263623137346338333437393335353830643138656639326230383961343236323037
30393437353366653462353461356462366637616565333031623631373631353638336666643435
30386234666565313938663633613262343265646233616232643538633164386234623835663536
65386237303833666231646263396332363231376562373630653634306164646464623362373739
37666565656463313536666139316136383939343462303633353536656363643664386264353735
61623462386165643131656361643130613937383432653437366131646231306434313730656662
37653663303733303032343231343462626432363538313036323036336236643733346233653466
33333864393038346165396263653237313333396234666337306630663236323366353061666332
37343831666538353033353037653364363135303430343262323133326339613662323539656633
39666135363066346138303764383239356163306463383634333637323338373730616261343364
61636239626136656437336231396162353066616239653333363732303234303064313164666230
62373964353862393233613330346263313838633265323861343535396431333261353666343966
61633536373865313134366563316232653336393331313938653830323435383632336336306165
63333062343734663434386132633465343635663637633163636335376532313439306439393962
37346262653933303262323163363733383861363664376461383535313337623461646562343363
36383239303838356332623764663530313264613263343235343831656237613231363835343263
39383466646132353931613539316165316331343233653334383866386664653366336332353530
63623931643461356262353733616634623665623234616335616135633964333235626232656337
66326637366363626236376265613561636231653937303966313735396366383365616433366636
35613532663333646664613431383539383532363933366461353764393131646366366130303131
63353930656233353366326664313561353635313033386439326166383531616534326338663831
31383632633466356264326436633364623931306535383635313061366465346230313766396132
61643862633334356633613063396639376666396539313362303230323463356530666335363966
66316539653937353136393262653666313130616239643664393464366166323836633935346134
65333164346437353830396234643462666363653166313964366261653231386232653035383135
33376631386563653438333265623464653137623531383534613335373161376530383636383135
36623132366534326531346564353530656130633566383837663430356563366432363664636439
65323262396339636631306136633363636265646363306462643834656532616236376565363336
63356562323366356663366365346136623834643538653434626535643962643636383636656139
38386561633962663037383034393835316336643263653030313535613064666366636239393637
66623363353435383736616336376630313362363138396162386236643962323032356335306666
66343038623533616232653561346539666338343135643861663563313739653438623262623161
63333031333464386133393164376138386236346465393731306436623662303461343865646664
64346561376262303666666534326135303363336139623238616438663438383764396163396238
3262
